10 21
-3.63309 -1.40066 -0.89485 0.248314 -6.59039 -4.72635 4.27128 7.35865 -3.18643 5.74884 0.776113 4.13115 -7.8258 -8.21892 4.61599 0.939472 9.69239 -0.0128168 4.59132 6.26493 -5.30517 
-3.97349 -2.42055 -2.21694 -0.142149 -9.09149 -0.661224 6.81322 9.74531 9.45421 -3.15546 6.2445 -8.63907 3.21375 -6.51518 -0.643273 8.50723 1.01777 5.65631 5.58998 -9.18084 -2.34082 
-2.10257 2.13655 8.92748 4.13712 -7.49832 -4.26667 -9.86194 -9.63538 -1.84847 -7.16981 -2.94629 1.68882 4.00868 -6.18956 -7.92888 -0.636783 -2.41588 -3.6751 -7.40773 -1.65639 1.0837 
-6.26504 3.41807 7.58201 -9.13474 -7.50287 -0.694136 -6.34752 -2.73664 5.32625 -1.69469 -2.60528 -6.86547 -7.92014 6.27481 0.75896 -4.15426 -0.667344 3.95328 2.79557 5.16198 -2.59029 
4.96268 7.70441 8.05444 -8.98415 3.31188 2.79603 -7.07614 -8.67352 4.09702 -1.44075 5.28982 5.97848 0.280459 -6.33237 -8.07269 2.35296 6.11739 -5.05959 3.48148 -6.78519 1.39163 
9.13138 -8.95953 -2.89389 2.42318 6.39789 9.37151 6.92003 4.86695 -1.17061 5.5158 3.99057 9.52324 -2.93206 0.893657 -0.296028 4.6538 -3.64277 -4.10321 -2.60331 6.09309 6.64405 
6.51975 -2.63248 -4.10873 4.6373 -0.818024 -8.53146 -8.22783 -5.17305 -3.41856 4.31879 5.9393 1.77914 2.01861 6.84421 -9.36693 -9.91779 -8.24621 5.92673 -9.42483 -3.03977 -9.50161 
6.44296 6.85996 -4.6403 -9.49536 -8.44718 8.29304 1.06995 2.67941 -7.23994 -1.66356 0.615528 5.17718 -7.06434 9.56137 -2.11333 1.32566 0.346321 0.611615 -0.593119 -8.54381 4.22734 
8.94603 -4.05204 -2.58864 -7.28877 -2.43697 1.83639 4.23158 0.207472 6.97034 -9.44846 -0.242572 3.08984 -9.08434 -0.4244 7.11397 4.53441 9.77695 1.2236 4.98243 -0.318378 9.01359 
-8.66046 3.70478 6.26379 -4.4815 -0.492753 -1.6931 4.05682 2.9174 -7.26901 9.67924 -1.09335 4.1058 6.22671 -7.61576 1.86134 3.45058 -6.06291 0.7174 -2.65099 4.86338 -1.23205 

