31 49
-7.03948 7.40277 -1.66517 -6.5761 -4.45243 8.02843 -6.11098 -7.2923 -1.71295 -9.58647 0.193917 -0.853701 -8.15375 -0.0506049 9.47957 3.18804 1.45343 7.74489 8.39931 7.26233 -2.03866 -3.79289 -7.026 -6.01868 4.11651 6.20096 -0.424158 -8.82211 6.84628 5.39655 -0.108901 9.69813 -3.57129 -2.599 -1.36758 -4.84352 -5.10306 -7.19274 -8.34739 5.37252 -4.02907 3.40601 4.85338 -9.29159 -3.73318 -3.48339 -5.27303 -3.84867 -4.54005 
-4.53785 -7.60865 1.33697 -9.61394 -1.44745 -7.27169 4.78655 7.63084 -8.47073 -7.62201 -3.11094 -5.54818 -8.23159 -8.38804 2.18981 4.12246 6.26673 4.90446 9.25799 -0.988985 -1.88072 -9.26108 8.98855 -9.38353 -8.95697 0.285913 5.33868 7.19361 3.05236 0.977621 -9.13106 -5.67314 -8.491 -8.29322 -4.13742 2.39991 -4.71004 -1.66915 6.59344 -4.04067 8.39747 -3.7985 -1.31998 -4.85929 9.84943 -0.664483 -7.96464 -1.64919 2.01942 
0.360193 -6.23756 5.36154 -8.64138 4.2904 8.71078 2.07153 -3.71287 -2.25009 2.79739 -4.22252 -7.80912 -7.91375 -6.36352 8.24444 4.31929 -5.67663 -7.04993 -8.22393 0.384535 2.86382 -7.69984 8.76935 6.54332 -6.35711 -3.92807 0.933921 -3.5743 6.79664 -8.92118 1.8158 -1.81807 3.78222 7.82891 0.529432 -1.82458 -5.63856 -7.24863 -7.70439 -7.665 -5.69551 -4.39105 -0.365468 -2.42613 4.08263 -3.15691 1.74906 -3.50066 4.34002 
2.78292 -7.50896 -3.09169 -2.04474 -5.86643 2.94121 -7.08813 9.84693 -2.62885 -3.06164 3.06162 -3.29594 5.05457 -7.87791 -4.10704 -6.94405 -8.69399 0.178176 -5.3878 7.25341 8.04129 9.90651 -1.23269 2.13023 2.78078 -3.42213 4.19835 1.5891 7.92721 -7.39179 6.1352 -5.66528 3.69027 2.34904 0.382304 5.38099 -1.62859 8.19977 -6.5335 -8.48725 -5.15915 -9.84651 9.63721 -7.47984 6.3923 -4.68392 -2.64881 1.45009 -8.38004 
-3.27929 5.03948 -1.38372 3.82815 -0.28055 4.80685 8.72702 -4.94236 -6.2011 -1.93033 -3.00608 -3.15141 -5.70224 2.4132 -1.37974 -9.33106 -7.06242 1.83684 -8.16729 -7.66193 5.97136 0.732669 -6.04625 0.630784 1.58782 6.56592 -6.63075 -3.0312 -5.33535 8.79248 -4.85412 -3.19319 -7.97723 6.76131 -2.59042 2.8962 -3.53317 -1.97483 9.03501 -8.54948 8.81248 -8.7366 3.88664 2.67402 2.247 5.40128 -0.720403 -7.80953 5.24757 
-4.0828 0.313907 -4.16598 2.31132 6.41305 4.19042 8.39493 -6.3356 -2.35231 4.65404 0.517411 -3.87654 6.96175 6.15722 4.39677 -3.53517 4.40371 -6.77983 -8.56521 4.53774 5.83285 -7.2611 2.76633 -6.26748 2.38552 -6.62593 -2.05426 -5.93352 -4.73248 1.29285 8.9268 -7.34323 2.35101 -6.60169 5.43254 4.7594 -8.69971 4.02356 3.97783 -4.62297 1.69348 2.28301 -9.41674 -7.08369 4.44663 -5.47831 5.97267 2.7351 8.76831 
8.98518 -6.1233 5.7558 -2.29104 -5.56074 0.620477 8.36413 -4.0219 3.8673 -2.3421 -3.74185 -9.32465 0.660036 -6.78564 -6.28839 -8.90013 -4.4622 3.73165 -2.06689 1.74835 4.48962 -3.02664 -8.6961 4.6906 -5.07284 0.70466 3.2291 -8.54412 -1.00881 4.90425 5.7632 2.1271 -9.88129 5.10901 7.10636 -3.41859 3.74011 0.035243 -7.67838 9.42786 -5.96532 0.790837 -8.39671 -3.50338 -1.24952 -0.617551 0.816615 4.85184 4.86527 
-9.40189 2.40641 4.47235 6.76736 -0.910851 -8.68326 0.364363 3.84711 -1.63791 -8.31744 8.70276 7.35577 8.44755 -1.99735 -9.44241 1.35388 -5.42094 -9.71533 -5.46686 -1.54701 -0.580112 -9.94658 7.77268 -4.58448 8.5717 4.5321 -8.90973 -5.84773 -2.79782 -2.95849 -3.37301 9.80642 -3.47852 -3.49546 -8.13111 0.359465 1.51762 6.59972 1.49572 -1.36 2.40181 7.28697 -7.83762 -6.83151 2.81268 -7.33979 0.180521 -5.99283 -1.50544 
-1.89681 0.383565 6.58889 -0.530285 7.50185 3.59399 4.17269 -9.55604 -8.3455 -2.75302 9.9207 -2.79828 9.24566 -8.16378 -8.65502 -4.87493 7.05936 6.62338 -0.782747 4.37315 -0.550134 -6.09792 -7.77939 -8.2464 2.70571 -5.11691 0.0338221 8.4501 0.758733 -7.98276 -6.32255 -3.05823 0.324037 6.08478 6.95494 -8.32268 0.662215 9.83864 -2.05499 1.76561 -5.30486 1.29585 -0.658551 -8.26561 -0.181327 -7.56588 0.179747 1.01242 -4.21812 
6.13833 6.87752 -9.47676 4.01592 -4.43802 -9.8046 -5.99363 5.0534 -7.52492 8.69112 -8.32068 -5.63916 2.61607 8.22921 8.33065 -6.78935 -8.61884 3.10905 -6.14502 0.696996 -5.5884 -4.24504 -6.36105 9.74987 6.04039 0.916464 3.02169 5.61089 2.2582 -6.3639 1.97583 7.8125 4.68451 -7.4596 6.52959 2.83465 2.00802 8.81654 -0.479864 -5.07861 3.81891 4.33456 -9.0697 5.54806 6.16543 2.41197 -1.99487 -7.75729 3.18259 
9.87035 -9.03667 0.703732 7.62958 -9.66345 6.46299 3.4613 -5.89441 -7.32309 0.789669 -8.04465 -6.48975 6.70122 7.39926 -0.677564 -7.80625 0.297157 -5.6963 2.36548 -3.34905 -7.52813 -5.3246 9.43463 7.77233 9.48156 -3.37927 4.57682 2.56024 -9.96714 2.34711 7.81349 1.39866 7.27152 -7.63222 5.22939 -9.62442 2.43404 8.94342 -8.01197 2.80914 -6.82301 5.63703 1.54057 -7.6221 -4.69734 -8.25784 -9.4304 3.23022 -9.72921 
1.0954 -9.67698 -0.973649 -4.12348 -3.23899 2.24817 5.0403 -7.6871 2.84967 -5.63039 -9.94328 3.35853 6.77127 4.69995 -7.94392 6.46192 5.49806 5.94349 -7.7707 -2.16613 -6.06331 -5.9934 8.95719 3.52381 4.62583 6.36513 -1.34114 -0.541793 -5.91622 6.05142 6.25788 -3.80235 -6.0547 -1.25863 6.21164 -1.01967 2.41852 8.09538 -0.937354 5.89568 8.64306 3.92977 7.61495 4.48713 -4.81444 3.6994 -4.14251 -3.24123 4.62791 
1.30799 3.31385 -4.12347 -3.15322 3.90233 6.47463 -0.881658 1.97859 -5.83771 5.66572 3.71582 -8.14012 8.93409 -4.76116 -0.734642 -7.12174 4.85382 -1.83118 3.34799 9.73394 -1.62128 -8.80728 -3.88527 0.272112 -6.60595 -6.15713 -2.95781 8.0729 1.19082 -5.80692 3.14948 -6.70174 3.79029 3.32794 -7.32915 -1.09667 8.30645 6.5201 3.3428 2.36176 -5.81131 9.3847 8.59896 2.73175 -7.54946 -3.78452 -6.46128 5.27149 -2.05474 
6.03036 -7.73334 5.74802 6.97134 7.2574 -4.94151 7.98638 7.14126 3.20989 8.63474 4.09039 7.24699 0.159639 3.05039 7.87615 -5.57525 -3.27126 -0.0509709 3.33149 -7.63681 8.13652 -9.45274 7.76829 1.68392 1.59262 7.24013 4.88943 -3.37001 0.224518 -6.52428 6.43855 -7.28925 9.52425 -5.88732 -8.21906 2.31097 0.430107 8.8129 -1.64967 -6.01545 -1.59463 -0.885537 -3.2099 -8.798 -7.96865 -9.17401 -7.60139 3.42504 4.63522 
4.22456 2.15327 9.92795 -1.0253 7.78347 -3.16205 -4.48438 -8.94252 3.10638 8.86134 -7.41628 -5.47359 5.31954 5.44641 -2.23315 7.48267 1.23648 1.57047 -5.15401 -3.51524 -0.698588 -1.17966 -6.55948 -5.18613 -3.27708 2.14352 6.11609 -6.89986 -5.87011 1.0027 -7.66652 8.87865 3.5351 -5.5999 2.54429 1.84776 -4.62391 6.02258 1.53906 6.93453 8.58416 -6.04818 8.16372 7.59674 -1.66478 -0.0110251 -5.29422 -0.00309587 7.96568 
-0.822871 -9.98909 -6.6806 -0.926986 0.143371 9.63508 -3.16792 -3.29088 -9.84102 1.92262 -6.49717 2.10949 -5.78833 -4.49214 0.591594 2.91652 -2.08386 -3.46145 3.36806 6.92508 9.81233 -4.21793 9.22552 -6.72657 6.59863 3.14696 -9.07355 0.836034 -8.77432 -9.97039 7.73533 7.65085 7.90881 3.34296 5.20649 5.54393 -3.19279 -1.25109 -7.0328 -0.264414 -4.00742 7.28601 -4.07092 0.119079 1.36549 9.72958 5.03202 -6.75793 -0.507498 
-9.51524 -2.63549 5.27799 7.13063 4.45123 -8.10761 -4.60752 1.38978 -1.89251 -7.38249 2.49682 4.12723 6.41345 -9.22228 1.12046 -8.44801 -5.70928 4.18243 -5.91464 -7.36397 -6.18335 -3.64392 -3.28658 2.49341 6.77576 0.132688 -9.91122 2.12673 3.89158 5.75249 2.1757 7.01744 2.15999 2.96905 0.802281 3.92724 5.05641 3.04125 -5.65969 -2.33398 -7.1368 -8.26301 3.53208 3.59601 -1.85366 5.45927 -6.09027 0.777645 9.87693 
1.51283 6.16108 9.26297 2.69901 2.21092 -1.10242 -8.45878 -6.6925 -0.860824 -7.86934 0.0653303 -1.99506 8.96408 -0.627614 -8.31122 -6.74993 -6.14736 1.24724 2.40593 -3.5442 -7.38903 -7.44238 -4.01339 6.88308 3.95255 -9.4383 -9.44693 5.39427 1.42246 7.26958 -0.187258 -7.24644 9.14106 -6.17371 -1.62336 -3.78097 -6.79915 6.76882 3.54953 -3.11096 -5.87376 -0.20358 -1.56944 2.34432 1.00539 -2.43542 7.84842 8.48577 0.280532 
-5.10519 -2.94751 1.26747 2.45807 -7.15676 -3.7181 9.81064 7.37924 2.80781 -9.11345 -9.76814 6.91032 1.76416 -9.72156 9.7044 1.85727 -4.94719 -7.40861 3.56461 -9.61392 -1.13126 6.85496 -8.75843 -2.90383 -4.67434 -1.67088 -2.50844 0.586383 -4.6568 -6.79505 -4.32626 8.5439 -2.73329 1.61772 9.10804 -1.10117 -7.4456 1.74564 -1.01916 -8.95713 -2.5236 5.90349 -0.00494838 -3.172 8.19473 8.90023 6.25053 -7.34706 -2.11699 
-0.193204 -7.17587 -4.79929 -1.6091 -4.1028 4.30158 -3.37794 6.99561 -4.81486 -3.4096 -5.177 -9.77959 -5.63292 7.51555 -6.07346 3.36984 -3.13014 -8.19495 7.52953 8.84128 -4.68881 -4.90019 2.43484 2.37425 3.98626 -2.89744 2.66838 7.49315 -2.59977 5.64378 -4.95673 -7.69578 -2.95168 -8.8546 0.706892 0.725859 -0.478102 4.53825 -5.62169 -3.78098 -6.89447 4.63856 0.276701 -9.46957 5.02129 -7.12647 5.42713 -6.22793 7.17517 
-6.9949 -3.20688 1.99435 -0.877384 -6.1935 5.88978 9.51912 7.85858 -0.920671 6.27927 -4.32782 2.40007 -2.08382 -2.84896 -2.48464 0.597595 3.77165 -9.85393 4.97144 -5.0149 -5.44863 4.88368 -0.00751436 -6.29138 0.75096 1.3776 -6.6513 -8.44159 2.24594 7.49376 7.66655 -8.34724 7.88072 -8.79873 -0.200331 -6.95234 -8.04734 8.30686 -6.62478 -2.70857 -2.93652 5.83925 0.207946 -5.04973 9.11109 -9.94396 -8.06265 -8.95372 -5.25884 
-5.25444 8.57702 -6.02173 -7.20584 -8.62932 7.00291 -2.10021 1.75488 -5.74289 -0.825081 -7.1465 8.73187 -3.42728 -2.26096 -0.0333238 -0.076037 2.04383 -9.43459 -7.2093 -6.65308 1.62615 -9.28633 4.71481 1.891 2.04258 9.71424 7.18478 -5.46458 -3.22832 1.58442 9.27142 4.68359 -2.91339 -5.35612 -0.322447 0.630528 -2.71511 7.09 1.56311 -8.87373 -0.762478 5.03183 -9.98411 -3.01453 -5.14116 -7.39287 7.96738 7.77484 -8.28046 
-9.7212 -4.17194 2.28422 -9.11889 -1.19938 1.96185 -7.18817 8.45825 -2.23598 -0.0786453 -1.79433 2.69117 -9.52472 -1.98303 -8.81146 5.86493 -8.17577 9.79782 -8.08728 -2.99151 1.65805 6.8339 -2.66012 -8.56117 -7.52342 -6.19735 1.1956 -5.51447 -1.74365 -5.46817 -3.60328 -0.374658 3.13441 -0.0291079 -9.21296 -2.20721 3.39469 -5.45481 1.02134 5.68284 -8.51327 -2.59277 3.26801 5.39959 -9.07534 -9.21597 7.16526 6.48924 4.61276 
6.70195 -0.333222 -0.45616 -6.68793 -3.96706 5.63766 -7.86832 -2.79492 5.76097 4.61969 3.1613 -8.06129 -6.13188 1.56215 -5.02282 1.53471 -6.10209 2.16067 -5.58755 -9.90541 -0.194863 4.9333 -6.01489 7.7042 4.42207 1.69761 -8.23026 -5.9032 4.99363 7.98892 9.74974 3.86686 -9.75806 -3.68839 9.29625 2.14103 4.29088 -3.25498 -6.49667 -9.51332 9.62934 0.332631 -9.4802 6.3121 7.45 -7.84515 6.5837 -7.78804 6.39428 
8.73577 2.12185 1.96061 -8.10571 7.41188 -8.58061 5.71376 -8.78976 -9.52613 -5.67048 -3.71181 -4.31534 -7.83805 5.82172 5.66019 -9.16784 -3.87132 -5.25393 -2.87283 -3.61894 -3.50345 -2.5332 4.55444 6.43167 -2.9428 0.38299 -3.08763 6.14846 -2.91851 8.57088 -9.23964 9.30598 5.69102 8.91104 7.84452 2.90517 7.27705 5.4338 5.79105 -9.83239 7.09379 5.30435 -9.88122 6.33571 4.33927 -9.84039 -7.43821 5.97203 -8.01552 
3.20101 -0.709603 -6.29051 -4.6322 6.61225 -7.92736 4.8908 -0.35078 4.42852 -9.92643 6.55257 9.02011 1.04145 3.61967 -4.15921 -3.92833 -3.43664 0.463293 6.56051 2.49915 3.27974 2.61392 -7.81326 2.61642 -5.75544 8.27461 -8.53871 9.87255 8.00773 5.8856 -0.810981 9.83298 2.97249 -1.40123 9.44663 9.46397 0.881487 -4.85415 -3.77641 9.8268 -0.947295 -1.19825 1.08167 -0.371734 -7.73963 0.0363111 -9.71765 -4.50213 -7.31142 
-3.02141 -0.863573 5.93333 1.44023 6.02119 -1.86163 -8.42127 3.7829 -0.769633 4.7792 4.0088 -4.12637 8.06283 -7.96175 6.9319 4.42403 -5.38703 0.245339 3.40036 9.85346 7.1593 6.39968 -0.590731 -8.41833 -6.79436 7.20871 -3.17167 -6.27312 7.70116 -6.57142 -5.91481 9.73245 -6.70276 6.78155 -2.48552 5.84833 -7.08237 6.58007 -8.72118 3.16016 -7.17282 6.48175 -1.29834 -1.12597 -4.09301 8.70245 2.03055 7.50574 9.02932 
-4.16518 -4.12981 -9.6305 0.186911 1.40249 -8.40747 -4.32037 7.56985 6.4848 9.97471 5.01625 8.16639 -7.51528 -9.31164 -0.797682 -6.63558 -4.16826 3.99968 2.63253 5.01721 4.26914 -8.51618 8.63877 -8.15125 1.9554 4.35761 -1.70246 6.78749 -2.62778 -5.09746 7.00826 7.8243 3.04838 -5.92719 1.67171 -3.55467 -3.35477 -3.60965 -7.39603 -5.08805 5.21675 -2.09594 -6.48451 -5.24039 4.82255 -7.39489 -5.84692 -9.1311 -6.41132 
4.86482 3.01279 -4.01786 -8.20592 3.0595 1.08265 -3.92665 4.72233 8.16352 4.28555 7.32781 -1.51074 9.00796 -3.1659 -9.28687 -4.4591 -4.07351 -3.40399 9.2026 8.08443 -5.04361 -7.98656 9.9406 -8.38958 -3.63517 3.62142 5.16087 -1.28185 -4.10599 -9.37448 3.11737 -6.32192 7.46636 7.08002 -6.10214 1.30635 -4.2525 8.21762 -6.44326 8.06167 -7.59967 -7.68611 -0.450425 9.70195 0.693223 -8.98997 5.50246 -0.188263 -4.14185 
7.99477 8.16884 -6.35515 8.96225 8.48859 7.79223 3.97605 5.39405 -2.20365 3.18158 -7.24514 -9.02556 7.42462 5.65608 1.66506 4.61841 1.5901 4.85627 -0.633016 0.895535 -8.73792 1.84617 8.58581 1.65074 4.07276 -9.15906 3.70912 -0.859721 -9.32115 -0.638282 -7.60567 -8.56926 -3.58564 -3.79799 7.10871 -3.92298 6.55722 7.18159 1.03937 8.63612 7.1893 -9.49433 8.81967 -7.77725 7.75599 -5.05354 5.14993 -5.14831 -7.67039 
3.67013 3.83807 6.41611 -4.48988 -1.49763 9.33153 -5.01525 8.60458 -2.78926 0.844469 -7.00762 2.89328 7.42946 6.96751 2.99195 5.66493 -9.55629 7.44799 -1.6834 7.17213 1.92881 -2.4891 5.65275 5.80466 -1.08295 -1.17285 7.88567 -5.47936 8.46149 -7.80436 -7.91589 -2.339 8.49368 -6.66524 -2.73804 1.78985 2.08427 -9.60282 5.4198 -9.48855 5.93458 2.54373 -7.59459 -2.33454 3.31346 9.32789 -6.08207 -1.29496 -4.43676 

