52 55
-8.53989 -9.93098 -9.94988 -7.59747 9.2412 -3.07387 -2.59423 -1.21632 -2.67835 5.01049 -8.63469 -3.17095 5.81236 8.35361 -0.83289 1.6189 8.90046 -9.92723 -6.92209 0.410267 -4.64178 5.68754 -9.51187 -5.95943 -0.152372 -0.91974 1.93858 1.74021 7.75293 3.44613 -0.849657 -0.18627 9.3475 3.45175 -6.43328 -4.09465 1.28182 3.60526 -6.41321 -6.74589 1.88648 6.08579 3.91124 -3.8124 4.92907 2.86846 -9.8691 9.98035 -0.32115 2.43683 -4.23752 -0.0249851 0.0796795 -0.830817 -3.53998 
3.56421 3.62191 -6.6108 -7.71291 9.10555 -2.97178 -6.7199 -1.39178 8.29406 -1.71125 -1.0329 0.029422 -5.50831 1.81456 -2.71698 -4.20421 -0.175052 -2.09085 -0.833982 3.26701 8.5718 6.26486 -6.44344 5.1706 2.34139 -8.29213 -5.80916 5.48445 -2.83021 -7.2712 -7.12395 7.71942 0.302393 2.32735 -4.23901 -4.95401 -1.97538 -0.239392 -3.45919 1.39357 1.68406 4.05496 -8.34096 -6.5641 -2.86551 -0.547248 2.41492 7.6157 -2.87203 9.75946 7.1916 9.20456 1.08995 -1.2527 5.89031 
-1.55005 8.25938 -4.57541 1.11781 7.02214 1.10677 1.46863 3.25675 -3.77002 -2.64499 5.66232 6.55656 -3.8528 5.91186 0.692352 -3.6317 1.97764 -1.73713 4.01835 -3.60832 -5.05613 1.63594 -4.72736 7.18663 5.62864 0.619435 -9.14314 -8.79247 4.98576 -4.34121 -2.74125 7.7339 3.73535 -0.00268817 -5.17639 0.479368 -3.26947 -9.91601 1.69247 5.31998 -7.04951 -1.17112 -3.0223 4.15597 9.45304 -2.70698 3.80368 8.36924 1.80018 -4.31699 4.27581 3.52879 8.33668 -5.4529 -6.81494 
1.26926 -7.54486 -6.49161 -4.52709 -6.79072 8.30213 -6.04365 4.43247 -3.50403 7.76054 -8.61042 4.71108 -0.83641 2.45515 3.72948 1.41543 9.05963 5.16836 4.63081 -9.97052 5.50638 5.68879 -8.48695 -0.214607 -6.90272 5.96766 -1.49949 -1.92245 9.35082 -0.801178 -5.39909 -2.49676 -3.00149 -6.018 -4.50817 -8.88548 1.68744 0.798638 2.71517 -6.18448 -2.64102 -7.59049 6.58274 -3.86246 3.56197 6.07662 9.7889 1.98703 -3.99932 3.41553 4.75471 -7.58826 4.16512 3.22695 -4.56874 
-6.81688 8.7183 8.37896 5.18863 5.36322 -0.318534 6.39191 8.81127 -8.96605 7.6426 9.14932 -7.44099 -0.69864 -2.04604 -7.79263 9.3047 4.15332 4.81034 7.33416 5.26113 3.80573 2.89057 1.8299 -4.80132 4.14271 6.53629 -4.58835 3.64476 -2.43531 9.78577 9.34984 2.82199 9.14847 -1.74556 2.42446 7.88237 -0.98475 9.3142 3.6901 -0.516503 -0.863447 8.04833 8.2121 0.80346 3.75002 6.59697 -4.68658 -7.43255 1.18029 -2.93049 7.28183 5.66425 -0.881358 7.00703 7.19118 
2.08523 6.42559 -5.19009 -9.7887 1.40476 9.84595 0.819006 5.03946 -1.74639 8.36705 4.96882 -9.04026 0.293241 8.48895 -6.24862 -0.521307 -1.60152 3.17979 2.81149 -7.34148 -8.31388 8.59734 -4.47459 -4.47012 -9.22975 -4.39588 -1.50989 3.26338 7.65369 -4.41671 8.41019 -9.86125 1.99554 -0.910751 -6.98839 6.18776 -2.26432 3.63466 7.75549 6.50416 -4.66214 3.39064 6.4323 7.65113 -7.43622 -0.611404 4.14003 1.46939 -3.89532 -8.70624 -5.83597 -5.10812 7.90884 3.92666 -4.70527 
-1.41114 2.93405 -7.47052 2.94332 8.32306 5.72316 9.21196 5.32526 1.70402 -0.561485 3.12509 3.42003 0.410813 4.53292 4.80582 -8.50476 0.417221 -7.7753 0.555209 -8.59872 1.2705 -6.65644 5.23419 -9.03426 1.23838 -6.59656 -8.35452 5.57225 -7.152 -3.71821 8.03499 4.08586 -8.92769 -7.65538 -3.99896 9.45013 8.28164 9.45148 -9.06416 -1.26697 6.10147 7.4049 -5.85312 6.66564 9.49298 8.47509 0.869312 -9.46832 5.98281 -6.83773 -1.72633 5.5934 8.32247 -4.22697 -2.67038 
-1.05716 -7.7277 0.483559 7.17396 -7.22324 -1.03562 -5.7456 -6.35436 2.294 -4.78157 -3.87773 6.95677 2.41695 1.6327 0.862621 -1.93184 -8.356 0.691285 -1.56505 -3.71011 4.22759 -6.89394 -6.45613 -8.13568 3.60235 4.6604 7.40229 -9.67311 3.95908 0.181901 -2.78655 6.4517 -6.33175 2.23574 -3.96477 4.11146 1.37517 -7.47944 -6.8825 5.73743 9.00455 -0.491551 -1.49293 8.34953 -9.5218 7.06749 3.22969 1.32493 8.14204 3.21554 3.57956 1.61347 -2.34733 8.37006 -4.48567 
9.34917 -8.51811 -3.84504 -3.6332 -3.27069 9.46605 -4.08737 3.54709 -4.13006 6.1633 6.51805 8.87813 -5.33437 5.25556 -9.85525 2.82626 0.92128 3.9559 6.81639 3.12819 -4.44665 5.1867 -7.07066 3.4106 1.92778 0.107557 7.70401 1.3618 7.79169 -5.02334 -7.27778 2.34846 -9.43212 -5.63609 -5.81473 -8.23867 -7.30456 -7.68609 -0.0487763 0.221238 -1.64164 8.9348 7.11708 -3.20282 -9.81214 7.33204 9.66039 2.08427 -9.71114 4.93681 -7.06621 -1.78324 9.04516 2.01027 6.56797 
7.82578 7.86564 -2.23175 -8.96371 6.84066 -9.10028 -8.40899 -9.85891 1.35185 0.533729 -9.61677 -9.06684 -6.31289 -0.684234 0.0761545 -0.0714231 -0.412039 -5.1374 -4.34067 6.37302 -8.61954 -8.53064 5.59494 -5.76239 -8.4106 3.00879 8.77867 3.11485 -8.72112 4.12985 -9.64087 5.98116 5.45301 8.73475 4.95017 -2.4696 -6.63103 -7.66957 -2.52087 -8.25778 -8.44131 6.97588 3.6714 5.29907 1.44649 -8.91168 1.37512 -8.31608 -8.27206 -8.47151 -0.69455 6.69077 -8.22995 -0.719948 -0.160035 
-9.7183 4.55911 4.95285 2.53186 -6.97996 7.82094 6.56469 -7.298 2.5009 -7.42178 2.2161 6.0467 6.90429 0.363843 -4.87381 5.80476 0.672033 -5.13924 4.82312 2.22623 -3.8132 -8.39642 1.36885 6.28511 -6.08027 8.86974 -6.23218 -4.28287 -2.24651 2.84725 -6.34316 -9.5172 4.47247 8.785 9.53093 6.3688 0.368372 -8.75909 6.04033 -0.215385 0.0267732 9.9692 -7.72387 4.83823 -3.90169 4.2201 7.26915 -7.30581 -8.75702 0.764207 4.01229 -5.39182 -0.298489 3.29973 -1.42306 
2.71063 -2.38139 -4.02336 -0.558958 5.59035 -3.06453 -5.55938 3.45673 -2.78536 6.52352 0.741231 -2.13075 8.50957 0.27922 -7.1372 5.02509 -3.27504 -3.5283 -0.206802 4.27646 -5.48847 -4.68522 -4.50426 -3.08481 -6.46648 -2.11869 -8.78168 6.33009 9.85559 2.84301 2.42169 1.42739 -9.83383 2.80324 -5.89796 -7.00761 3.09427 5.31986 -9.08781 1.12734 7.12758 -6.68438 -4.44627 -8.43747 -8.49617 4.84238 5.84425 4.26519 4.99475 6.72885 -8.27806 -9.41336 9.63683 6.15091 -1.69045 
8.59277 -1.29917 4.81694 -1.74505 -9.12885 -8.6444 -6.38472 -7.94442 -1.94125 -6.62507 -7.49095 -0.417347 5.65106 -2.54167 2.20217 -8.08931 2.97286 4.86346 0.184524 1.30017 -8.03391 -5.9913 4.29388 7.1603 3.10397 8.40277 5.35715 -2.29879 4.28956 -5.44274 3.87395 9.39826 -3.49466 5.21457 1.22656 -5.17487 5.97768 6.84431 -7.77629 3.82228 0.979471 1.97954 -9.81149 -1.77475 -8.15381 -1.09198 7.06148 2.34387 -6.53313 -2.26372 -6.31002 7.5057 8.22211 9.02735 2.73726 
5.19489 -9.42596 -2.04799 -0.589185 -2.42727 4.93855 2.25951 -4.42956 -7.58836 2.40059 6.71724 -3.34468 5.92438 -8.98305 1.84081 -1.49054 8.52416 5.51381 -9.46841 4.43288 3.41871 -1.80434 -5.47872 -0.901226 -6.90423 0.613827 -3.42569 4.41208 -6.09755 -1.57746 7.55843 -5.41277 7.59363 6.10344 0.467709 0.794406 -8.42653 -4.67871 4.98023 2.71032 -7.60534 -2.86619 8.00058 5.80029 5.45984 3.56293 2.1163 8.59343 9.75855 -8.07295 -2.09743 8.46954 7.53 -3.32954 0.452932 
-7.56008 -2.31919 1.40787 1.9979 -1.34517 -8.22345 8.44569 6.78561 5.78202 -1.59476 -3.20214 1.60481 -7.97337 -8.4077 -8.27629 0.479456 -1.78136 0.679032 -7.51157 -6.94393 -6.68699 -8.27143 2.04102 3.49324 -9.12835 -0.199745 2.88869 -9.80178 1.55109 9.2241 9.4711 0.723549 0.680567 -1.71977 -4.16311 -9.3477 -6.76168 -3.52808 3.49178 6.40438 -1.52531 4.19412 -9.3632 -7.35254 5.87825 -4.23079 -6.88621 3.49886 5.26737 8.63212 0.0249612 -0.484616 -4.93434 8.52061 5.87797 
-8.99877 -2.3375 -6.37553 6.434 -3.82426 5.70947 -1.00571 -2.89715 7.56425 -7.7281 -6.13442 -1.17969 -7.08369 4.41282 6.27844 1.75768 1.36653 7.21384 3.08149 -9.35604 -6.93978 3.14848 -3.43405 3.8915 4.48541 6.2078 -5.48422 6.70363 7.95331 -8.68999 7.40387 -3.14125 4.95315 7.56046 8.67968 -0.647442 -1.55255 6.30738 8.1573 -0.314966 6.37399 7.57338 5.78379 8.11867 -9.46643 -2.34105 -6.05551 5.03051 7.79135 9.12848 2.42541 3.8275 8.8433 9.37342 -0.877126 
-1.85769 -2.17559 -5.13238 0.0316608 -7.87114 9.66849 -1.61043 -6.54679 8.12501 -2.98461 -2.33371 -2.73228 -1.4266 3.0953 2.71725 8.89221 -8.68985 9.67884 -7.737 4.3082 7.98081 -6.53975 6.40884 -6.62351 -1.29672 6.03654 -3.78397 2.75787 -8.47559 -9.2094 -2.46024 -9.23836 -9.08885 3.64745 2.73928 -0.947294 -1.16991 -2.75154 -5.08047 -7.42615 8.65371 2.91461 5.79938 -9.82114 -3.96842 2.72471 -5.78915 1.7275 -5.88426 3.28941 5.10985 1.2976 8.79114 -7.35337 -8.02655 
-2.15747 -0.637939 -1.84453 -0.972654 -7.39586 -2.26288 7.72751 -3.68674 -2.95989 -6.92303 4.70963 -5.22932 -9.26142 3.28548 -0.969748 1.44475 1.93478 -2.14722 -8.36546 1.64052 -7.74156 7.57801 3.61359 -6.45487 -7.00355 -8.58513 9.70297 -2.2035 5.79997 0.0372636 6.29103 -6.58724 8.26302 -3.34956 3.86521 2.56978 -9.73819 -9.77775 5.35058 7.20352 9.61237 -4.9689 7.77536 0.56944 -9.42112 -0.785704 -5.3196 -6.58217 -6.53067 -0.927027 -0.543628 3.24804 9.79689 -3.59946 3.85088 
1.68525 3.92642 -8.63536 5.57316 8.16545 -3.22077 8.54738 -4.22194 1.79869 -9.49427 9.84211 -3.68061 0.0352824 -7.00031 5.86182 -0.320209 -1.76173 -9.44326 7.12053 -5.30397 -3.77848 -4.94278 6.64434 -8.51474 -7.16742 -2.75601 -0.199995 -1.31658 -7.6861 -0.300629 7.33522 2.97909 9.57355 2.66738 -9.30944 -3.70789 1.46546 9.90204 3.66688 9.19201 -9.88204 -7.53105 5.68624 8.64974 -3.74195 8.98079 0.0981462 9.55 6.78505 -3.66237 6.49477 -2.36865 -9.85539 0.490557 4.78379 
1.10354 7.27102 4.07386 9.37378 5.19144 -7.45676 -5.80876 -7.82009 7.74755 -6.91807 8.06391 -9.90897 -0.113703 8.99652 4.52628 -6.87881 7.7971 5.7879 -2.75289 -7.75283 -1.87538 0.483737 -9.82556 1.73398 2.9328 -8.45803 5.94912 6.86685 -8.81661 -0.722579 -4.38716 4.97939 8.65917 -5.28866 -6.43744 5.89973 -3.18707 -5.10492 1.54076 -4.44178 6.99825 -0.479107 7.63721 -1.47519 6.52574 -1.85436 -6.21063 -2.08617 -2.31828 -3.33478 -7.71487 -3.88165 1.03573 7.51968 3.34018 
-1.67956 -8.40652 -8.44489 6.71159 1.65666 3.42131 2.04665 -1.88251 0.606927 0.611935 4.7897 0.516121 -5.54416 -0.666234 2.59851 -6.83947 9.05737 7.138 8.3184 7.31155 5.26633 -8.83728 -8.10271 -2.23639 -7.06681 8.11464 2.69898 1.77248 -9.84932 2.53107 -0.272891 -6.48146 6.03705 4.62593 8.0035 -5.22057 -2.12364 7.90239 -4.4551 3.17395 4.51761 7.48513 2.65097 -5.17753 1.30523 -2.95815 2.38094 -3.61174 -2.44564 -3.91847 2.34183 -0.846747 8.71946 7.93956 0.213295 
4.85709 -6.87082 2.20372 -2.11516 -9.41585 7.80676 8.24235 9.2077 -6.28633 5.681 0.516218 -3.92801 1.88702 -4.90246 4.41277 5.49189 2.20997 3.03165 -7.12441 -0.0258672 5.24574 5.07629 -2.75556 7.27716 7.25546 2.52662 4.86241 2.4985 -7.79348 -4.94101 -3.55942 -3.10923 3.19103 -8.31975 9.91559 -8.66076 -1.30503 6.29484 -2.56034 8.3848 3.34289 3.90246 8.71767 -2.15158 -1.53607 3.2901 -3.24404 -2.58137 -5.15312 -8.43806 1.58876 2.24934 4.57366 9.58606 -7.16298 
-8.28513 -8.16145 -9.54587 2.6062 2.4149 7.19762 -9.62067 5.32315 6.10155 8.77874 4.29021 5.6239 0.937135 -9.56405 -3.03512 8.74361 -6.10479 -3.14665 -5.73538 5.54809 6.67242 3.42989 6.1179 3.59825 -4.15577 -5.95356 -1.48643 -2.43991 -7.54925 -0.257647 9.72757 -8.74612 4.04071 -7.74177 4.03439 5.93387 -9.43265 5.38972 5.06511 9.36258 -3.06483 9.43346 8.21063 -3.95839 -8.65789 6.91808 -7.83898 -9.695 -3.78934 -7.39173 7.20413 -0.234172 4.26517 4.78406 5.73159 
-9.17334 3.72509 7.5428 -8.23039 -8.13152 -6.44541 -7.95842 2.88418 -5.62098 8.18241 1.76849 2.93407 -7.13164 -1.47046 6.03351 5.27388 -1.96667 6.25803 -1.2641 -5.71924 -3.34054 -4.37758 6.05077 -4.73817 5.60531 8.46762 -4.69398 8.24307 1.32354 4.73274 3.16818 7.61245 2.37688 8.22419 3.92701 1.30366 -9.32816 1.58832 -5.07223 -9.02714 0.807142 5.6386 7.96427 -4.48026 0.215664 4.66357 0.627239 1.99347 4.18583 -8.69292 -1.97974 6.56934 -9.06937 -8.90696 0.688331 
8.78275 -8.3764 -2.16959 -4.23389 0.980937 6.61523 2.20727 -2.45365 1.55846 -7.0374 2.40902 8.4459 -9.75466 -6.62335 1.29397 7.67518 -3.31022 5.12454 8.13534 -9.33955 -9.75138 8.56022 -8.39259 5.68987 9.59697 -3.73981 4.97896 1.30849 -8.21004 -6.06815 -7.47717 -8.83179 4.04809 -3.70368 -7.76116 -1.77204 -2.74083 -5.18401 -7.72016 7.25337 7.32799 1.5525 -7.10176 0.757207 6.37476 0.637624 -3.44798 9.8588 -3.14722 4.69767 -6.24414 -5.27343 9.50862 -8.55311 7.88889 
8.50537 9.81654 6.58708 8.96409 -0.488774 5.16914 -2.31152 -9.69402 -7.46197 6.74189 -8.97271 -4.32895 3.27586 -2.56142 -9.79006 -1.60101 -8.11306 3.86231 -6.19633 -1.69611 -6.54035 -3.62143 -5.45279 -5.07764 0.0274718 1.72456 4.66467 -0.855728 -2.23054 -8.73396 8.3462 -5.35136 -0.37499 -2.4483 -8.56415 2.39861 -6.51932 9.8689 6.5784 3.1557 -2.097 -4.22549 2.27069 3.56609 -4.68693 6.72397 9.80615 -8.08825 0.747328 0.334113 -4.56824 1.61478 -0.361027 -7.78323 7.32176 
-3.18122 -6.82874 9.43874 -3.07466 4.22382 9.68711 -8.72252 0.593295 -8.49266 3.87152 8.56527 -3.48901 0.230759 -1.62573 -3.64865 -2.9227 -1.85455 -9.39549 9.92632 -8.34809 -6.41947 7.98553 -7.13294 -3.30039 -9.6882 -9.53922 -5.60664 9.25806 0.256659 -6.32636 -7.118 7.74355 5.84998 0.587131 7.90703 -6.55298 4.00957 8.77368 -0.831726 1.17872 -9.22865 -5.99389 0.660614 2.94535 2.53588 0.533276 2.76582 5.20396 3.02702 -4.85764 -2.27602 6.95252 -8.937 -4.16633 -3.53247 
9.7774 8.80844 3.51443 7.02357 5.20244 -2.61999 5.81062 -0.916852 -9.52979 -7.174 6.58007 -8.73981 -9.89977 -5.51348 -5.10557 -9.28436 -2.24883 3.9408 -6.99558 5.30511 2.93665 -3.70562 -0.376142 -1.82733 8.08788 -7.05178 0.716027 -5.743 -2.64205 -4.9594 7.40027 -3.64191 -9.5028 6.40198 -1.95414 -3.18884 5.11183 -5.51202 -0.495393 -6.07879 -6.20108 -1.54637 -9.76219 6.8457 -4.32677 -0.0261343 0.757939 -1.32218 -1.95941 8.11851 7.86618 6.94999 8.53858 7.89255 -9.93851 
3.4586 8.67931 -6.8453 -8.95774 7.34063 -6.05518 -9.34562 8.21515 -7.99909 -0.762795 -0.291038 8.53541 -5.30626 -2.26888 6.95362 9.44558 -8.20954 2.2483 7.20726 -7.50432 -5.14872 5.41814 2.64942 8.77804 -7.51539 8.76276 -4.35508 4.23095 9.55328 1.94859 9.91433 -9.84016 -3.6058 -2.60387 -3.20134 -5.00239 4.75121 -6.35615 -7.82453 -6.91319 9.93665 5.30808 -7.05348 -7.76241 -2.81574 -4.17635 8.11356 4.63212 -7.94993 5.48861 7.04753 7.87023 -5.00473 5.4223 -7.41837 
-0.57752 -6.38313 -1.32945 -4.01587 5.28202 -5.16032 -9.52842 -4.22317 1.1438 3.86753 1.61209 -5.58977 -7.29166 9.05269 8.53339 0.650915 -0.0782323 5.14735 -8.55226 2.17185 2.33798 -5.58256 -6.09517 -1.48297 -4.35291 0.652837 -7.78053 -7.3393 8.37927 -9.63673 -4.48201 -9.19161 -3.31387 3.8533 2.46877 -7.39805 0.922816 9.75662 -0.449702 1.85755 -0.0757438 6.97225 2.54136 -7.4258 -5.49201 -4.18911 -6.30751 9.65054 -3.41949 8.57527 4.52467 6.11301 1.41324 -7.73057 -7.66614 
-4.86776 7.48934 -6.72325 2.3457 4.18115 -7.47566 -3.44728 1.60242 -8.06535 5.59573 7.45181 2.62165 2.14689 2.83441 -2.02616 6.34826 -4.79924 -0.87561 3.61871 -0.367626 1.31243 -2.0589 -3.95992 5.61183 -1.97573 -6.12044 -6.21471 9.33026 -6.37107 1.44208 -3.03194 2.22949 -8.96835 8.96155 -3.2148 8.81459 6.88934 9.15977 8.32486 -4.00647 3.17667 -9.74587 1.16526 4.59334 0.32842 -0.236055 -7.36917 6.41363 -6.09283 -2.17957 7.89612 -9.86753 -3.51002 7.1056 3.89627 
4.66233 -0.183077 3.01479 9.63412 0.606291 9.93598 -5.9071 -0.703884 9.81089 -8.45479 0.37244 -0.400447 9.69709 -1.0892 -6.26095 -7.87235 9.39319 -8.66591 -7.91868 -9.25276 8.89946 -6.76018 1.60317 4.48329 -9.34552 9.91331 -6.92982 -9.51999 -2.38541 8.37059 4.45799 5.47195 7.01988 3.17971 1.45502 -5.47092 -9.82832 -4.64352 -3.69218 5.52371 -3.00263 -5.2286 2.83705 2.29066 -0.92638 -9.66231 5.49641 -1.89945 -3.97504 -8.54826 9.40037 -8.06187 4.13509 -1.46195 9.0864 
-4.94235 -6.09388 0.137371 8.78684 0.3554 -6.79109 2.15405 3.1315 -8.88443 -0.701664 7.12952 5.81117 8.34237 -9.80339 -5.62942 6.37815 -2.47657 -3.66561 -7.96893 6.16366 -7.29254 -5.7775 -2.42136 4.12589 3.78679 4.50917 5.68557 -2.67141 1.58599 -4.34198 4.33631 0.43039 -6.43634 4.41849 1.52723 8.20845 -0.517082 9.39538 8.22494 -3.50822 -2.66974 9.6803 -3.14388 0.761398 -3.19104 8.1158 2.20965 -2.41394 8.8826 9.79095 -3.51606 5.6325 5.44259 -6.3668 -6.81454 
8.08744 5.54541 1.75298 2.29484 9.37117 1.16608 -1.71489 -2.20349 5.93881 -6.48237 -9.27055 9.8661 -0.446184 0.986401 -1.5633 5.62986 0.980048 -8.32578 8.67743 1.64996 -9.06239 8.34035 -3.81523 -2.54913 -3.23105 -4.21988 -3.52596 -0.800877 -0.329481 2.42089 7.90202 9.19146 0.797532 4.11705 -4.69196 2.20764 3.75501 -9.51421 -5.3353 9.55868 -7.30466 -9.43215 -6.12931 4.67386 -6.48607 8.56413 -2.67739 1.1433 -4.53048 -3.6961 -0.3247 2.77078 8.49626 -3.43191 -0.104068 
-9.07402 -7.06797 8.58268 9.10262 7.7941 -4.63755 -3.35265 -7.95584 6.15163 -9.48225 -8.24226 -7.66919 3.98472 -8.78676 0.926716 -4.68846 1.10983 -7.06689 6.81327 -9.40443 -0.28049 5.80675 -6.00517 -8.80639 -9.06025 4.41193 -8.78043 7.26876 6.05398 9.32201 -5.01536 6.89436 -6.42673 5.96946 8.76555 2.59657 0.468066 6.77798 -2.52598 5.81432 1.35209 4.57401 -4.54902 4.62469 7.23122 -4.92559 -4.4335 6.24125 -3.2906 -5.16085 1.51993 5.48551 -5.11162 9.01964 -6.89872 
-6.72791 4.01721 -2.83317 2.89032 -2.3896 -2.08442 7.0893 9.90416 -0.716726 -6.01095 -6.06969 6.66231 -6.5144 -7.50593 7.83841 0.111606 -4.23224 8.6747 -4.29067 6.75196 0.211167 9.08338 4.42261 -9.27561 4.82383 -5.83668 2.88279 -8.9348 -7.10393 4.18631 -0.770917 3.20018 5.38857 5.76717 8.74609 -4.44408 8.28417 -7.93269 -4.76167 -9.39076 9.45381 -9.74463 1.94991 -7.87193 -3.50532 6.0923 -6.76143 0.703946 -8.76466 -7.57369 8.94703 -7.24992 -9.37279 -8.44677 -4.81475 
-1.4923 -1.04966 -1.58776 -5.5236 4.83338 -5.45199 8.35992 5.1482 5.83856 8.59518 -0.819781 1.93401 4.9903 -8.08952 -0.594399 9.93962 -4.72133 8.57004 -3.34073 -7.58842 1.3578 0.622348 -0.197812 -4.6192 5.11024 7.71882 -9.7152 -3.41072 -3.93931 -7.94987 6.61608 -3.61871 0.372947 8.13327 -4.12948 -4.15799 -3.33011 -9.13202 -1.88922 7.84272 -7.4087 1.96224 -0.660663 -3.76493 2.82695 -7.52262 7.39236 3.41093 7.56699 -1.65457 -8.43713 -2.87214 7.89694 3.82878 -9.75001 
-8.46845 -9.19986 -2.01685 2.77218 -7.96594 -3.53407 2.90243 1.19774 -9.60146 8.33556 -4.21411 -6.56992 -0.696999 5.53189 -5.45779 -9.10937 -1.20382 7.38015 -1.80179 -2.68382 -7.01415 -6.77825 -2.11881 9.13917 2.00129 -4.25431 -2.15104 7.4774 -7.27005 -7.70657 -4.39744 -7.78113 2.47765 1.93236 -2.83354 -3.34166 -3.29955 4.50962 -6.83775 -1.99164 6.46238 -6.69795 7.53356 -3.47973 -3.77358 -2.54019 6.96966 -0.974196 6.68758 -1.75605 6.03938 3.92041 -9.70055 2.869 -0.714286 
-5.00735 1.44843 3.84214 -5.08923 5.29363 -9.95095 -5.61691 -3.36222 -8.7677 1.34203 -4.50374 5.69105 9.48612 -6.7588 4.78425 8.88875 -6.8296 -5.08794 7.00601 -9.92682 0.00424504 -8.64723 6.06837 -8.94571 9.49324 -7.07953 -5.66702 -5.64531 -0.742253 4.95312 7.09151 6.93541 3.48165 -3.86845 2.89452 8.12285 0.771631 8.80015 4.13274 -1.01454 8.67419 7.10455 6.21541 2.38363 1.60934 8.15576 -6.14261 1.15009 9.56171 3.65643 -6.38617 7.70195 6.66187 6.06965 -7.45246 
6.45931 1.5926 6.84427 -8.2919 -1.88721 1.70085 6.10885 -8.51709 -6.80594 -7.45313 -4.69953 -4.98573 4.77589 8.35001 -1.41431 9.69298 9.89505 6.16959 -7.62138 7.41584 -1.96161 -8.84903 -5.6146 -4.56518 -7.01356 3.15732 5.10324 -9.90431 -1.65623 3.75359 6.536 -9.38231 -8.51198 -0.919365 8.23396 8.10624 1.56199 -7.56075 6.46077 6.20403 -8.90411 8.65271 6.00965 4.17699 2.68291 -8.25338 5.4919 2.36838 5.35648 6.32731 3.0528 8.45462 -3.18978 9.42747 7.49903 
-3.78529 0.710832 6.94446 -4.51413 -9.05487 -5.20149 -1.49592 -1.97732 7.25457 7.49154 -9.75164 4.22613 8.61109 6.57454 -1.67309 0.419453 9.76075 8.94092 -9.91294 -6.83178 -1.70909 -4.61227 1.64957 4.30695 6.89547 -7.7563 -0.113899 5.71007 9.17828 -0.665709 -8.5663 6.16957 -8.09441 -2.72807 9.25271 -9.663 -6.06643 1.5416 9.60984 -7.42617 8.42847 -2.74294 -0.521793 -9.77194 2.99049 1.07933 0.266794 4.00095 3.96518 2.82786 7.92006 -7.50559 -6.39152 -2.33871 -6.6524 
-6.92904 3.68279 -3.39833 4.32492 8.88454 2.49077 2.40885 5.56548 -0.922211 0.393865 -0.300588 8.02112 -9.04916 -9.17601 -1.23506 2.41125 5.8752 4.45562 5.60583 -2.79612 5.67741 0.240027 -5.8802 -8.51083 -1.45049 1.63574 -8.09427 -0.369833 4.21904 9.33268 -5.60868 -5.03443 6.39186 8.05759 3.94495 2.85007 1.14161 7.07405 -6.46828 7.55742 -2.46486 -6.93918 -6.77256 -6.43972 7.53753 3.2983 -5.48851 -5.46488 -8.29871 3.51299 2.80738 3.60912 -1.49582 -0.254576 1.35249 
-8.66494 8.3154 -3.04957 5.90718 2.03546 -9.97161 7.14431 -5.63899 5.41822 4.01888 5.26021 8.30388 3.36284 -0.743874 -2.29063 1.42022 9.69675 -6.80058 2.72277 1.58772 4.87292 -0.885082 4.42551 -0.531886 0.58368 9.89469 0.115428 0.00722051 1.3628 4.64233 3.7268 -3.68278 3.6015 -9.60394 6.62962 4.06665 8.22863 -1.38501 2.20045 2.93418 -5.16472 -3.39354 4.76309 -6.77497 -6.90456 -4.91926 1.98885 6.5614 -2.56782 2.64103 7.79288 -5.01554 3.8161 -2.86956 -8.71586 
-7.50434 -5.41325 -0.559101 3.18953 6.40358 4.95198 7.94226 5.5369 -1.39648 9.33476 9.3287 7.54411 -6.11354 9.76551 8.8588 9.79539 -8.86893 -0.0979686 -6.55484 -7.27353 -6.18082 -1.08929 -7.6096 5.536 3.48407 -3.25664 5.63097 -0.299746 2.17119 -8.72819 5.24652 -1.79654 5.57649 4.08408 1.12174 -6.98607 5.10564 -9.56673 -8.00387 -1.0795 -3.16505 4.92535 0.271902 9.85528 -2.28342 2.53971 4.82925 5.15676 9.60739 -8.54419 -2.17212 -6.87258 -7.41189 8.37149 -0.403462 
-0.984447 -5.60539 -9.87011 -6.87765 7.28319 8.57282 3.37831 -0.654371 1.99233 5.06586 1.85989 -0.893965 -4.87595 9.91429 9.42165 9.75003 8.70214 -3.08179 4.39177 -7.47924 -3.60435 1.65537 1.84981 9.70271 -6.60787 1.59431 -4.41386 -3.65721 -6.67777 6.79133 1.82221 5.95714 1.72443 2.48769 -9.40688 -1.40696 -6.85466 -6.18855 8.96137 -6.30544 4.54206 -1.65239 8.22268 -1.45719 9.01084 5.25772 6.57744 7.0146 -5.63126 -4.64198 2.23862 4.41565 -6.11282 1.90749 -0.785922 
-8.99565 -9.88126 5.6495 -8.89399 -1.31504 -1.88178 -7.05934 -6.35697 -1.67094 -3.56798 -6.99938 1.49468 1.1501 9.64514 5.84925 8.36657 -3.08764 5.96062 0.174572 -5.95685 3.15719 2.89229 -9.32946 -0.159749 -4.90868 -0.208565 -5.35245 1.38394 -0.20188 6.99931 -2.63686 2.2251 -2.68586 -1.2495 -0.417196 8.18399 8.34809 6.30865 9.43939 7.76158 8.81452 5.70412 9.07714 -0.545129 -1.98245 0.906234 -8.92505 -3.27142 -2.67938 7.68072 9.87178 -4.92378 5.99825 -7.48484 2.22001 
-8.33389 -7.6648 -2.37274 1.29228 -0.569877 2.07388 -4.25905 -1.84477 -4.98868 -4.69647 6.42209 -4.00118 -7.86694 0.323235 -7.39739 -7.93118 0.612984 2.42596 -6.97056 5.71309 -0.112953 1.60198 4.54937 1.27733 8.04558 2.01117 1.67098 4.18783 4.7922 2.44683 3.94035 5.52006 -4.28169 -2.43296 9.17322 -5.68528 7.50279 -0.678609 -5.38052 9.56313 7.44061 -5.67875 -2.83601 -4.76022 -4.9512 5.1356 -5.89291 -2.11013 -4.96432 4.72501 -6.74376 -2.33277 -6.82362 -4.56464 2.03373 
0.840415 4.85569 9.6482 -2.72978 0.572982 -9.88765 -1.76961 -1.86684 4.06834 -3.36447 -6.56765 -2.4979 -2.20098 8.11088 -0.372477 -0.216115 7.75597 -5.49808 -6.19644 -3.53061 1.00211 2.49104 6.95629 -5.71809 -4.0058 -5.53348 -1.22496 -7.93326 5.75465 -1.62092 -2.85141 -3.62849 -4.0777 6.14445 9.71054 4.98299 9.02584 -2.75964 -1.24207 4.44329 -1.62077 -0.350571 7.95633 2.04696 3.2076 -9.84642 -8.79862 1.6625 1.67199 1.13145 -3.78874 2.63307 -6.04304 -5.37697 9.21916 
6.33846 -9.44664 -9.72443 1.54092 -1.69097 -0.0999773 -0.320463 -6.01443 -4.44658 6.30055 -6.61265 1.16005 -2.98545 3.54079 9.97541 -3.24842 3.8182 -7.55886 -1.78483 2.36413 -6.09405 -2.64803 -5.51196 0.421231 -0.373042 -9.70574 -4.44291 7.93665 -8.6544 5.53868 8.6095 -0.0470096 9.90979 -6.1961 2.16401 -9.47248 -3.96442 9.96528 6.37919 -4.92265 5.07017 -5.67967 1.71756 6.99959 2.1607 -5.11076 3.37665 -8.71864 5.89934 -9.83479 6.69783 -9.61991 -1.86384 -5.49321 -4.41197 
7.94019 -9.1657 -7.84138 9.99983 7.12475 5.64739 -4.28327 -8.88547 1.97232 8.77413 6.7489 8.68032 -9.91358 2.52389 -0.993228 6.81323 9.95115 8.89803 9.26452 8.74297 3.13928 1.84035 -9.24177 -6.50122 -5.9973 3.44093 -8.23905 6.24057 5.20777 6.90569 3.93843 -6.74837 0.15628 6.59941 -3.66671 -6.31582 -9.98081 -7.51305 8.23724 3.31 -8.75707 -0.0843287 2.6853 -8.12085 -7.14579 0.675851 -0.978037 2.13334 -4.89399 6.66032 0.0372636 6.2951 1.81241 1.17779 -4.8515 
0.904173 -3.57144 -5.27499 3.2319 -1.41529 -6.75617 9.03345 5.12762 -0.122654 -1.45306 -1.62107 -5.3416 3.67808 -2.57911 -7.15453 -6.16906 -3.45092 0.369849 -3.93525 0.227516 3.85766 -4.31179 -8.25184 -8.5975 1.89283 -7.21544 -9.85394 4.89036 -7.74639 6.48023 -6.73169 0.523906 5.29145 -6.63126 8.33913 -4.16207 8.14001 9.16442 6.34015 -1.13444 -6.51431 -5.98182 3.50727 6.69205 -6.70555 -0.233485 -4.17872 8.22052 2.32613 -4.73454 6.51716 -6.08104 -4.03187 -3.64518 -4.54441 
2.18401 6.71172 3.81736 -1.62613 9.56401 2.24591 6.98583 -9.1359 -7.13265 1.48715 -5.39244 9.34848 -0.147936 -6.36747 1.97012 -8.19373 8.0066 6.94093 -3.81172 -3.52203 5.29015 -8.43146 -7.53898 -7.67493 7.37054 -3.32005 -0.0941855 -2.97201 9.39415 7.46565 -4.86052 9.32524 9.37838 2.41423 -4.10115 -8.09466 -6.9684 2.0791 3.37343 -2.7079 8.25237 -2.47731 3.80077 -0.475131 -5.53562 2.86719 8.80247 3.2001 4.0548 9.09731 -1.51292 -7.59957 -5.90843 -2.95723 -2.10517 

