50 50 2
743.366 -255.243 128.156 -83.0258 586.074 149.381 651.071 558.166 -901.802 -587.82 513.943 -157.659 227.905 401.295 564.414 113.657 236.456 112.797 -220.789 -803.275 -641.003 657.83 145.222 738.804 -927.991 -751.702 144.92 -334.343 699.281 811.187 -374.395 -450.84 727.193 -73.5783 -630.245 -532.66 -424.271 -722.232 -555.616 -241.595 -481.18 804.392 -577.338 673.854 -537.861 178.585 -517.805 -744.621 -851.285 450.966 
-618.925 -277.052 -408.062 -294.802 -737.315 -52.1548 -565.668 819.025 -653.016 767.916 366.973 -291.546 -17.2037 856.549 13.0531 -617.298 -927.632 -713.564 -873.074 238.994 779.861 -871.942 -734.632 -964.895 -997.367 -744.918 155.288 -77.8521 -460.224 -986.122 242.521 51.3818 -425.62 608 665.702 449.399 -949.508 -382.289 871.054 -196.938 69.6353 360.996 -743.872 -260.254 -81.6207 201.001 220.586 -607.582 368.326 453.072 
788.884 774.856 -988.757 -44.7581 -250.366 91.9368 -818.418 847.409 408.785 457.559 193.886 637.64 810.787 892.689 -568.451 46.9828 -360.97 -825.85 -55.2299 -248.976 -534.048 256.592 545.728 50.5843 171.332 -431.084 771.177 -834.026 518.062 -936.835 613.556 32.1896 -990.18 42.0523 773.323 -768.239 214.895 -266.883 497.491 -673.678 -509.376 924.277 316.184 100.994 -594.315 -653.311 -200.091 -927.109 73.2415 969.354 
-64.8814 -461.326 495.311 685.124 872.532 639.826 -442.75 694.033 607.583 -349.809 765.334 973.308 391.356 -483.959 102.193 -442.072 101.983 33.7143 635.983 957.13 481.577 -129.877 -840.026 -320.558 377.968 507.894 166.926 -477.6 974.584 -172.955 -846.787 52.7849 -843.846 -514.865 662.903 -582.4 -396.651 -516.698 -149.027 -698.977 297.397 350.227 268.85 559.919 560.127 49.5291 435.448 579.56 658.178 -3.48735 
-612.345 323.884 -484.371 -823.236 -126.195 -957.942 -129.623 -568.128 -523.505 -546.597 -655.998 639.192 890.91 -474.37 -729.087 227.597 -785.052 -370.881 601.166 -198.367 50.9777 781.452 -141.369 3.88134 -767.204 -404.289 -883.899 308.232 456.598 37.0039 -76.8076 -906.038 221.945 222.36 -800.62 -19.3972 -9.18812 -424.182 781.558 -358.851 787.433 389.768 832.458 -883.441 14.5918 -755.703 907.188 -886.007 878.556 -111.89 
-543.571 204.68 55.3523 305.886 -967.548 422.976 964.644 769.218 244.101 603.028 -904.019 156.816 -400.536 185.837 -641.482 618.145 -836.875 637.947 -27.9106 907.063 -992.991 801.383 845.689 -497.487 740.093 739.046 -857.512 -211.164 961.783 681.97 -126.076 -953.922 -563.591 -269.327 -570.725 -167.785 33.2531 883.619 990.311 163.309 733.847 -230.441 971.18 615.644 -864.212 -812.097 -917.517 -707.261 -943.808 -584.586 
856.135 -945.669 136.828 -332.598 25.4377 -469.013 -694.019 -376.11 711.431 -982.325 62.9935 732.458 420.854 -710.624 544.938 768.516 443.376 -178.539 -698.51 149.499 634.618 21.3443 733.476 -463.785 -826.338 -265.639 -596.383 590.597 162.695 419.976 536.983 -924.201 960.391 -709.294 889.629 -6.3706 929.72 -202.09 -531.802 12.3436 -539.77 88.9686 -704.447 358.157 -452.997 486.266 676.966 -236.097 -89.2476 16.358 
928.292 -202.262 580.91 -645.383 -944.023 -200.4 -128.139 373.055 -58.7212 -927.351 5.51736 730.118 -908.671 -32.7926 854.735 -476.134 -378.567 -581.307 -32.4984 -199.861 936.816 -931.526 -149.446 257.15 -79.6121 -40.6441 894.416 456.438 -648.834 -951.867 -29.2981 -413.029 227.359 -776.266 -696.701 555.007 -6.14369 742.915 165.2 515.7 -635.78 444.711 259.568 561.643 -459.031 -940.959 -702.202 93.1687 -113.633 170.547 
378.338 719.965 444.735 668.418 95.696 363 941.932 -941.719 521.062 -502.882 63.3559 822.579 -923.151 593.263 979.694 -274.623 410.054 -222.253 596.38 -635.113 -349.634 -303.049 661.066 544.154 -400.243 -880.483 -272.138 168.414 537.088 842.274 91.4772 -543.232 -106.395 -178.749 -230.253 144.146 665.713 645.512 -875.613 -424.125 -273.94 -115.503 748.926 -795.011 248.203 -450.916 -547.034 -3.94148 -243.963 -277.939 
676.271 94.7235 16.3287 436.123 -87.6073 -415.382 682.421 -544.515 332.208 -575.874 -713.53 -292.499 -24.8055 -906.128 712.144 -995.427 -134.535 866.353 797.508 -278.734 -689.445 490.888 359.19 913.826 679.685 -534.609 827.743 -130.689 -483.751 -409.704 108.575 815.611 -23.5893 -465.044 1.04773 -391.6 370.325 57.9054 -782.538 -115.124 -886.905 -211.827 -171.948 76.8601 -212.588 -962.395 -973.395 143.877 134.606 316.916 
400.681 247.397 2.89094 587.736 80.1905 -238.301 876.858 -641.793 -608.805 -190.216 -954.956 60.3825 848.816 48.9912 -604.18 -459.577 -112.274 -996.162 -492.435 -353.427 -51.0803 -506.243 -419.457 184.003 533.831 94.9736 220.498 -94.8427 -20.6305 -737.515 587.014 -48.8035 -240.854 -27.2666 -270.242 37.3428 -378.82 -819.38 676.769 450.907 386.578 -783.791 823.647 -967.065 529.827 804.039 -525.05 -520.548 -847.305 -658.371 
757.986 -529.945 -783.734 -221.536 643.088 379.135 120.133 -922.086 500.184 595.873 837.087 919.498 3.35991 469.72 575.856 415.314 176.619 439.609 501.501 725.042 -225.409 -453.521 -327.525 -707.756 740.628 -273.715 -332.33 537.261 -249.526 218.173 838.442 -303.873 799.001 813.795 -546.915 5.85449 396.957 -342.41 -887.151 -344.244 297.459 -600.523 -986.045 -456.956 -51.2868 21.98 -582.277 -336.923 -664.69 548.458 
-74.5574 913.405 -409.033 -623.144 818.375 429.622 656.497 -254.802 -458.472 456.037 615.417 -686.157 -238.635 -731.768 -829.985 437.939 448.444 994.163 900.766 -828.591 -130.788 -146.088 701.019 26.9299 610.29 -850.35 165.861 -369.525 -615.193 455.133 -582.578 609.199 808.616 411.65 602.753 469.846 696.395 315.935 -72.5427 775.553 718.943 -721.341 419.265 583.785 -324.956 463.013 -138.481 553.464 66.2689 -218.536 
-926.434 -573.843 -578.241 -495.716 502.742 -415.634 442.893 -301.277 440.386 -435.037 339.499 -45.8142 0.680327 -565.526 -792.305 -267.772 -442.907 56.4367 531.45 78.137 -750.226 955.559 80.1346 821.752 -811.498 -840.988 -489.649 464.571 46.7664 1.97518 -803.68 550.65 779.017 940.916 -18.5598 65.77 -602.909 904.204 955.7 452.73 -971.621 -35.6529 781.105 29.4411 817.743 -189.65 556.353 618.935 440.826 967.816 
91.7742 449.976 739.365 505.601 -363.386 576.081 188.672 -983.432 -543.98 -675.794 -75.7159 -557.068 -644.527 -566.122 -814.425 -34.681 -883.087 -39.1989 -816.556 140.411 -109.876 -688.544 -366.731 356.312 535.156 368.429 188.664 871.858 -677.683 181.798 -516.655 576.712 800.118 -421.076 976.96 -225.225 645.267 -992.612 -825.276 -408.838 651.8 805.824 -523.305 804.2 195.693 -986.953 275.692 -443.809 894.865 3.67188 
-287.443 950.907 -112.98 -851.906 15.3476 -53.333 -368.824 -824.767 132.97 835.309 -967.058 651.778 425.853 -682.92 165.808 731.788 -836.33 -192.804 -459.927 12.8615 163.168 372.459 -74.9555 222.156 -219.46 -460.619 384.286 686.79 872.636 386.03 5.46455 -157.69 -292.282 -389.332 501.069 -526.011 -670.746 771.518 911.75 -225.546 -755.914 -640.192 296.139 -789.782 129.314 -621.6 763.885 612.607 84.3186 -856.457 
-479.038 813.001 104.414 891.322 448.211 -924.719 247.185 429.637 905.955 380.657 -294.433 -529.658 38.3422 418.948 -738.537 -597.783 -936.346 839.305 193.662 871.606 -909.792 -877.14 -94.6321 -482.126 916.487 -601.083 -399.257 -320.871 -886.189 -176.092 426.322 -812.034 140.89 -62.9442 97.5442 -575.346 166.253 218.853 262.546 616.252 -645.823 -340.537 592.932 -583.617 -859.022 411.614 0.670433 -732.196 -21.0412 361.287 
143.883 245.349 -423.382 215.99 146.764 659.3 860.223 -238.49 -302.557 921.001 -737.315 -54.4088 -448.551 -795.308 -744.254 -669.048 -693.273 159.604 469.758 -780.816 821.499 934.104 -519.547 -31.5838 -829.842 842.044 226.206 -162.965 -951.71 611.397 -247.931 -980.879 364.747 296.875 -425.935 -682.187 487.033 -434.507 -754.281 800.186 722.81 277 -462.543 31.2489 -798.726 -188.52 -461.822 161.088 -590.092 320.979 
700.842 -946.198 -753.896 -733.777 -598.155 815.723 -144.65 864.058 215.59 -585.229 63.1487 -658.559 -405.166 368.372 -764.385 989.245 239.812 520.633 285.776 -959.244 -10.9771 -493.108 336.436 482.065 63.2831 -401.904 -799.333 -393.026 414.654 -905.52 931.598 -634.727 138.238 -633.585 -661.362 495.916 853.158 -970.037 585.633 725.945 954.413 820.379 109.666 -836.781 222.364 -728.852 182.12 891.616 -602.472 257.125 
-503.113 186.564 -420.778 -19.5008 250.415 728.642 292.429 859.412 140.246 -878.251 -761.118 -103.719 797.047 -23.1303 -750.796 -621.162 128.749 -119.541 871.874 -405.513 539.919 414.029 593.7 313.566 103.588 -999.466 -25.8311 -142.923 -112.462 -157.029 814.917 302.677 -914.461 658.515 -341.876 86.6737 725.17 -61.6373 61.8426 -612.887 -788.483 -35.7107 -189.553 186.805 -376.737 186.389 632.5 424.81 -220.655 -549.828 
-965.663 98.2494 -722.294 409.472 -9.47195 804.645 -337.152 -520.21 824.809 564.359 -818.385 -598.734 -925.023 -865 -53.5783 -490.503 114.485 146.09 -670.167 495.031 -14.1103 849.17 2.58863 -493.362 65.0699 -370.419 369.01 -49.8033 956.573 -872.311 -937.359 -186.586 49.37 -237.773 -256.585 -429.303 705.552 213.441 -689.554 674.247 70.8822 -682.351 -271.637 599.777 459.33 -32.9151 795.899 667.166 -937.045 -919.612 
86.959 -479.253 -808.104 200.596 -579.151 205.172 329.875 210.854 -173.393 -221.246 -480.395 -3.52657 729.129 471.314 -627.391 -562.636 -227.085 -621.798 -557.72 396.865 118.315 523.753 712.198 -93.1871 -195.243 559.106 902.017 193.929 -636.527 -111.665 -758.52 -437.916 -53.8852 351.888 185.947 -783.658 -941.706 754.507 -993.737 258.906 -561.286 458.006 -292.127 226.507 902.152 463.247 -202.553 -303.652 516.433 -315.29 
913.864 -685.283 441.521 643.585 741.016 249.892 -61.3251 -691.266 -101.262 86.7803 516.532 -640.385 -947.171 898.509 -761.046 -905.47 -241.437 174.119 419.002 173.955 -343.988 599.38 -224.514 591.406 -238.941 116.102 -682.071 431.917 -768.002 190.706 -807.431 -487.624 510.639 312.764 628.85 -924.69 734.893 -661.557 -792.787 -377.722 -371.266 130.997 -329.354 552.644 296.289 -275.279 -620.885 789.946 630.17 -732.754 
605.457 -79.8923 -749.614 -761.954 -153.82 739.79 -343.273 607.472 -217.713 904.514 162.271 -718.33 -974.978 -448.89 -486.534 817.738 -280.874 -648.106 -716.701 414.889 -967.103 -96.5016 97.929 -107.775 626.695 856.219 475.865 -128.56 -715.506 483.499 175.388 -261.169 525.711 -374.586 341.053 72.4548 -251.199 94.178 849.052 15.6612 -780.865 8.29232 -631.311 -446.155 -532.191 -542.413 -331.171 8.31318 -280.236 75.9453 
411.352 -414.795 541.565 79.4935 47.1582 589.414 289.525 39.1312 -322.243 59.1117 -509.346 -574.851 471.549 -669.596 96.8277 -615.651 749.916 -165.761 57.3916 580.735 411.073 904.629 104.29 805.344 -581.539 77.5456 -689.777 912.315 -723.896 -514.992 534.851 -759.298 471.401 843.231 176.983 546.587 489.891 -397.207 141.732 83.9696 -722.759 582.633 310.118 146.13 11.9163 276.343 500.93 -874.532 -267.136 237.645 
97.4622 47.3856 409.371 305.464 -70.3693 -696.653 -645.514 841.991 -662.213 193.476 -245.464 483.022 146.347 -351.874 48.0925 289.675 563.26 719.038 865.205 -503.398 -616.51 312.487 -28.1532 829.853 -656.026 163.943 -609.737 148.045 200.302 469.872 -862.683 891.844 -779.901 206.685 -240.435 -998.702 818.853 464.204 -124.044 -808.615 -398.439 -566.967 991.938 -494.973 995.161 -324.351 635.759 -795.301 -626.326 -657.656 
767.722 -900.208 206.491 496.203 -310.224 67.6575 -881.304 -79.0278 -220.539 -592.062 -787.959 769.596 608.207 133.91 630.988 -984.609 -328.228 -524.29 252.729 -390.957 -812.912 -617.404 -711.575 563.007 449.785 -472.076 -184.234 -428.874 -84.4522 611.542 179.887 -643.619 691.745 154.299 -701.217 647.004 197.429 189.313 -216.226 -116.564 902.269 429.779 -702.526 645.656 -464.919 108.454 788.613 215.433 778.929 -548.52 
-975.021 816.903 -309.516 -28.748 832.95 -608.182 284.112 -934.648 -623.922 -250.926 687.975 795.332 -862.002 335.17 -802.967 528.533 -950.044 617.48 -6.85728 749.802 -78.275 431.179 819.361 995.635 -359.643 -514.154 606.569 605.33 -226.556 276.627 -723.357 536.095 145.31 217.346 927.869 694.556 -589.458 986.615 30.8435 385.993 -609.813 867.557 -960.292 371.897 471.933 -221.404 869.706 -857.063 -654.492 -42.2536 
-155.238 922.302 -875.511 -710.823 -810.587 468 -316.094 -588 -520.481 274.198 443.594 -510.554 -883.341 -304.148 191.946 42.5023 335.333 -63.5033 700.516 -419.116 -76.8424 509.254 -966.208 948.738 -551.976 940.296 -449.999 872.541 798.56 -593.331 -118.823 949.559 -764.7 -304.449 -867.786 -874.457 -994.256 -456.492 -252.936 904.842 -327.136 -172.472 -733.988 -139.101 121.931 -705.414 115.67 72.2294 -41.5725 -708.922 
-853.33 87.5697 -216.081 322.68 -715.301 -59.4524 784.091 210.54 544.684 503.99 554.919 526.24 513.806 -456.029 -474.339 -213.674 780.172 359.046 492.207 520.353 -422.192 221.223 96.2458 -397.267 -860.764 -854.389 280.31 -830.065 -910.857 -773.965 -27.0639 -862.97 65.7133 443.041 184.754 -844.286 84.348 -363.396 401.615 -51.7009 -937.275 -772.721 876.949 886.102 724.347 103.204 558.399 -988.461 937.008 287.147 
81.3055 501.956 373.643 -186.586 49.3857 25.3023 -745.375 487.997 -228.913 651.36 -595.464 31.9766 -570.525 -812.965 495.367 -361.39 121.261 36.2291 902.822 -273.433 405.254 -904.215 853.79 -345.569 26.8682 -425.858 598.802 66.0453 22.2089 -735.288 10.5364 -913.408 351.603 -601.145 549.771 -4.29004 -102.485 -467.707 -754.922 34.6705 707.557 -90.3136 100.39 -745.57 -793.725 -128.087 -749.922 65.8181 205.054 339.301 
626.742 -342.251 -213.1 434.907 -520.896 -692.648 661.496 -233.844 -223.176 -912.478 -20.7024 54.2189 -742.87 579.135 -482.82 -764.447 -65.2644 -898.687 -229.268 684.301 -951.278 -133.825 809.393 -537.785 -557.065 -588.13 -704.821 77.5272 998.17 237.626 -219.302 186.948 39.5609 900.024 708.464 -850.76 -729.311 471.44 -504.942 -566.794 -108.549 -375.221 -345.072 376.524 241.876 -795.95 463.089 -857.351 500.156 123.88 
56.1596 -126.273 -268.796 343.166 -414.753 -751.401 -796.726 -568.035 -957.668 481.752 812.024 -311.614 697.634 -872.043 -418.632 49.2299 -594.544 -493.804 628.814 474.026 949.705 -307.251 34.8772 180.962 -567.633 -212.777 -147.821 -431.623 -289.521 27.1112 -341.918 -615.665 524.062 -83.2511 799.004 855.228 -185.864 180.43 490.755 127.345 282.782 709.955 207.271 -405.35 -721.854 -196.957 -261.013 -847.478 442.476 688.973 
-431.867 -386.703 679.64 715.86 -546.228 -452.395 593.114 471.969 387.3 -647.284 -897.524 -681.831 462.403 -385.562 -135.628 506.708 246.437 -135.912 -274.421 -188.34 572.759 359.987 306.325 405.831 803.942 -149.21 231.506 913.812 431.652 769.809 183.872 329.33 -943.039 335.763 -829.402 235.004 -285.283 -752.302 53.2079 264.736 -583.424 398.579 911.324 626.349 -953.185 -182.744 619.249 -287.331 821.91 -163.195 
-821.161 750.486 -586.488 890.096 -150.637 247.644 151.274 455.417 192.431 181.425 -783.417 -887.161 -515.892 -589.31 -536.449 -100.738 891.994 -264.161 239.457 556.752 -665.696 -349.284 -419.106 85.5703 181.434 -644.561 856.276 -566.265 781.33 -180.123 673.146 -442.426 153.645 316.29 -121.888 -571.837 -864.011 568.065 -536.045 697.763 -703.731 388.648 14.9546 -658.194 -265.145 -290.696 279.037 -222.757 120.579 571.083 
198.535 777.081 398.294 124.545 -778.711 208.443 -693.731 455.968 -542.792 -700.349 -759.056 552.509 12.0846 -894.127 409.779 -837.557 -815.741 -160.876 163.769 463.842 -198.621 -230.563 929.843 -122.561 110.81 391.294 469.483 606.087 503.034 489.042 -666.807 975.668 56.9605 -666.092 996.142 156.543 -985.364 981.862 159.881 -884.838 525.638 405.33 389.108 -263.643 945.135 878.469 425.658 42.2611 282.964 -225.599 
354.369 -119.023 -428.099 945.92 84.2304 -339.82 637.824 -86.1361 310.31 -614.254 237.789 520.991 301.938 664.653 822.615 -302.098 642.904 -715.568 -552.054 -378.588 -934.981 -225.145 -4.37093 537.354 -682.984 -915.076 310.943 23.8326 554.776 122.449 -2.44391 925.312 -275.858 -342.973 -344.316 -924.378 -16.9321 -577.735 1.74892 -606.857 551.729 906.328 661.209 939.023 162.929 348.109 668.23 943.062 48.1046 494.835 
694.839 156.954 -80.237 -543.037 -820.4 -459.943 -268.465 -94.1641 -616.452 -712.598 -628.96 -926.372 473.607 -86.827 698.185 401.798 -979.648 -935.446 -38.0211 978.633 -121.265 -102.08 338.229 610.252 512.536 200.68 823.616 512.168 5.404 825.9 895.172 -852.525 -391.563 992.866 -900.274 -912.789 750.97 -449.772 677.69 -54.9954 -308.101 -259.282 249.32 315.856 599.776 442.097 320.875 952.979 719.576 -90.502 
932.26 494.714 660.64 -618.789 6.83939 949.274 450.321 544.183 83.0668 104.086 -621.072 -351.339 -954.933 447.866 -715.293 68.4931 -836.149 846.347 557.041 182.787 99.6972 -388.374 594.198 681.614 -114.876 -721.711 199.023 980.525 -322.93 511.163 -883.431 171.354 -53.8061 -318.208 -123.865 206.321 -359.388 -239.908 -135.041 362.361 204.592 579.064 332.909 -799.474 -751.408 -919.349 497.901 218.144 351.485 -585.052 
-964.146 -397.413 675.574 365.281 -719.064 694.906 -709.522 -936.229 798.198 -687.193 350.12 466.327 -434.219 75.9506 503.045 681.931 -786.48 -375.561 -51.8882 -84.7585 -535.752 -381.846 314.448 921.081 600.994 907.364 61.5444 377.251 453.344 -648.186 -63.9004 26.1889 155.156 -295.61 -323.25 -866.273 554.638 -200.684 -890.25 -424.896 770.883 226.877 -875.431 634.013 -146.299 -847.065 -629.325 937.473 112.342 138.78 
483.353 -291.954 -864.259 391.836 -415.176 141.786 999.373 463.093 -796.462 -135.852 733.287 354.186 802.834 -766.327 350.28 -847.256 174.636 -885.995 -921.872 101.707 -607.855 -216.956 -380.094 -234.862 670.166 -526.743 -977.007 -561.936 -452.923 -279.484 712.307 -254.366 871.157 -459.233 -332.188 921.893 262.219 -884.996 -135.562 -388.772 -88.5981 931.999 101.397 186.342 -155.193 -327.416 -873.913 148.994 142.96 731.982 
425.263 -608.822 -475.534 -296.56 -287.243 299.607 -513.416 -980.277 481.894 -804.393 574.067 343.351 694.836 105.66 -178.9 -780.319 -813.364 -216.417 673.028 -424.579 104.193 -821.242 -606.2 -398.987 218.704 -233.705 112.573 14.2421 -634.715 351.491 -491.934 72.4576 -205.29 -305.157 -770.128 457.335 431.75 422.879 -667.592 -225.726 220.525 366.115 -707.984 904.752 162.484 875.946 17.3028 806.539 -496.148 -762.946 
-836.634 685.98 -737.749 647.862 614.744 -0.410199 -894.366 389.358 -62.4014 -780.963 349.055 568.376 691.907 887.94 -393.348 -992.428 267.408 326.6 -837.871 -90.7453 843.765 -845.812 440.326 552.294 402.015 670.336 342.811 -383.909 -359.342 535.247 -106.352 535.893 748.258 -22.6735 926.56 687.495 725.609 -686.13 221.086 -202.093 -573.359 -453.311 -804.031 656.768 301.522 -315.122 -259.909 -285.38 -386.949 544.625 
-485.279 -84.5777 502.304 219.831 699.628 646.591 -747.253 922.231 -65.2442 -559.226 -909.246 309.546 539.544 112.331 -54.8596 -24.6016 521.165 -785.823 664.848 96.6362 163.892 528.548 -688.58 -968.093 -744.253 -666.591 609.592 -580.325 485.899 508.096 -425.316 -293.887 643.974 -732.512 663.727 -738.304 -677.054 760.154 -96.0672 -601.649 77.9294 -239.973 781.977 689.389 562.528 408.409 133.665 504.159 -597.222 496.589 
178.447 -846.024 868.011 655.047 -624.879 -347.78 868.363 571.328 313.765 -549.309 -233.611 -297.688 758.996 451.962 118.188 385.933 376.14 -220.577 769.322 -8.39609 886.516 -325.258 -607.128 -0.69797 268.797 -331.395 247.586 -818.194 606.524 -150.04 272.284 273.35 200.51 -26.5913 -919.518 -340.833 -379.144 -277.349 590.998 900.104 40.277 934.648 628.367 964.39 495.848 -282.057 -526.207 33.6481 -475.691 -933.374 
790.402 288.085 -163.963 278.697 66.5916 -794.22 -453.152 -125.925 -427.507 886.724 -826.479 -638.939 -641.411 -189.727 -737.91 -48.1658 477.484 -921.8 -691.811 731.414 877.092 -710.357 -968.612 542.493 -316.886 92.2862 -945.198 65.1435 866.773 -137.44 39.5293 369.428 972.579 130.816 626.345 983.813 938.061 -3.59499 -420.893 45.6486 -784.645 469.679 -110.485 -922.555 612.284 657.639 945.849 880.237 149.927 -173.732 
94.869 464.041 -857.56 988.12 -669.322 701.456 -621.073 -369.981 -277.944 595.989 780.093 -983.066 -396.931 786.071 -498.715 98.7482 -338.781 109.677 -655.601 -677.841 -465.643 -67.326 453.163 302.692 -660.01 -784.917 -101.641 -280.237 53.5932 739.429 -423.595 636.788 496.263 699.722 229.991 -548.107 -31.4039 194.846 777.178 37.4956 188.12 -266.398 643.974 -726.924 581.708 763.896 799.141 -844.039 240.792 988.206 
787.337 777.661 152.705 509.872 -574.182 -282.334 818.152 675.767 -391.284 -302.75 -325.048 912.75 593.368 740.033 -269.163 181.543 -799.98 734.488 540.912 -886.377 664.528 725.853 -590.919 421.035 327.588 -222.629 265.802 -658.111 -871.441 -304.459 963.603 -724.565 244.683 385.066 -190.299 -351.869 143.652 366.068 504.244 837.148 -46.8264 988.267 -201.746 -749.32 180.962 -569.887 -95.6603 237.846 -522.861 273.515 
966.866 109.233 -128.703 886.698 725.195 350.405 -736.687 496.116 223.662 -906.195 -426.311 991.759 492.877 -216.437 344.085 -957.814 12.5016 113.714 -813.188 746.411 933.485 -917.755 -715.364 871.826 772.969 -718.627 34.5694 -993.348 802.189 395.717 821.259 902.569 -528.051 -956.364 396.901 717.173 -467.774 120.241 897.607 88.2298 878.126 661.96 -435.666 -234.145 719.346 53.4458 264.042 -247.531 -259.358 963.338 
815.735 66.8652 -195.68 -794.973 893.237 630.507 932.41 -977.369 -633.789 -99.7204 -0.549376 766.958 267.505 -44.7798 -613.385 843.172 -815.683 819.69 533.245 254.66 76.4072 176.613 326.298 97.4041 -928.813 -562.019 142.416 -418.624 180.29 137.257 872.921 -816.077 194.183 -359.761 -498.108 303.426 -321.426 -200.398 -86.9876 -1.25462 914.063 655.042 -704.348 17.5196 451.921 -562.111 595.236 139.113 75.3561 509.977 
