50 50 3
-816.708 -419.704 38.0932 232.091 754.015 734.213 -80.1204 -584.159 35.67 -492.641 190.354 -716.778 -883.788 178.484 -221.245 -470.362 627.918 -584.848 460.783 380.207 143.041 84.1128 -317.231 300.272 673.158 -232.021 415.542 9.77147 228.259 342.574 -365.246 -684.473 63.0037 902.337 -419.917 458.5 4.70126 -985.829 -828.526 971.901 739.035 957.284 -921.383 317.438 -814.752 470.018 -404.107 172.611 -923.987 559.128 
-740.475 840.091 -585.409 -973.639 48.8855 -382.285 944.183 892.155 445.766 -12.1715 -566.806 -305.616 -496.727 -487.085 -433.798 -837.162 -188.262 -120.347 -670.922 -183.343 556.761 -526.152 969.478 23.7887 -182.577 -578.723 -602.269 -338.217 -408.363 636.246 -605.788 515.187 751.488 265.767 737.02 -900.935 -17.3898 -270.493 -173.275 -234.992 494.858 -928.807 -453.89 -531.503 -975.493 890.513 849.409 13.0394 -847.659 -610.888 
799.382 -781.057 768.129 -64.8291 416.824 -438.709 624.695 -748.066 -745.067 -346.208 -711.85 -55.7253 -575.888 -952.97 -559.589 985.967 -848.264 -768.717 167.227 582.476 -320.795 403.268 -273.193 447.996 -533.599 -194.609 -785.323 -925.578 -182.324 -316.514 351.002 -702.171 618.882 -457.328 -308.751 824.999 -239.164 371.199 749.378 796.458 61.173 133.139 -340.17 757.607 -898.653 341.164 -52.4723 98.2353 -960.309 82.2587 
521.469 336.833 -854.377 493.015 103.941 930.59 419.321 -479.086 9.79614 644.293 628.316 102.472 239.24 903.81 334.764 377.792 -450.881 43.0428 -580.867 -625.09 107.407 -805.097 741.536 992.213 120.316 144.207 -309.799 -794.944 -627.727 -204.556 22.9714 79.9062 983.278 -45.8436 -493.68 718.548 641.913 637.995 781.774 -719.527 911.222 909.431 813.003 144.094 -212.092 -632.806 431.45 -622.922 552.711 -577.841 
224.772 -261.655 363.324 393.875 -140.045 255.767 682.818 114.144 419.285 921.039 -98.5894 -992.443 13.0041 559.258 -544.474 -971.934 711.945 -333.123 -791.969 -624.193 -806.953 -456.939 224.28 -532.5 281.117 734.222 69.7389 101.408 366.379 -259.914 -382.584 -86.278 -73.4766 -919.918 946.334 -970.79 -74.3024 -800.156 -214.77 366.98 -173.572 783.415 851.175 -294.858 316.039 -336.857 436.981 333.668 -46.984 340.575 
38.3737 947.76 -993.268 142.627 -864.232 856.002 827.964 -417.765 621.397 -177.591 -765.039 -13.7537 841.915 65.4232 -430.893 -25.1148 -103.526 45.4916 577.368 -183.344 537.195 629.378 -43.8271 -601.541 -100.671 23.3109 -213.81 499.991 -649.378 -95.9934 639.018 -25.7429 -661.877 -164.51 -917.067 848.581 109.15 484.042 -712.402 659.415 779.921 139.412 -895.497 -622.74 -392.719 -431.431 937.182 -784.366 -846.052 412.626 
997.306 -276.157 635.644 -726.113 212.113 975.726 -971.725 225.719 -338.531 307.116 -309.064 -431.441 773.11 -342.557 643.974 -728.74 64.941 -536.539 392.31 -446.038 -557.739 73.8556 -709.277 -819.105 -696.047 -462.61 921.219 933.706 797.422 272.667 718.272 -9.40746 -111.028 -39.6807 -914.031 -116.713 399.568 -461.038 -661.247 423.769 293.436 -222.232 955.329 214.002 732.863 -773.398 -502.357 888.276 -745.965 570.892 
978.219 923.394 -523.63 -645.238 -513.889 -927.955 -141.965 -9.0816 -634.901 -786.241 -358.88 297.894 701.12 -280.446 550.808 -576.108 -652.807 266.444 125.953 888.371 847.468 -598.518 710.607 -827.047 -179.627 -992.82 -324.117 570.67 -752.33 -404.854 -378.929 -651.721 523.657 -889.547 -616.908 -380.483 -776.893 759.208 6.85501 -787.682 -564.62 439.062 -685.999 410.936 597.181 818.212 -311.799 -399.934 312.939 -426.682 
748.116 -408.37 525.676 -971.659 -676.805 942.425 -669.764 -718.364 452.727 981.89 629.885 485.491 -352.342 180.353 -807.217 -888.668 162.517 -579.824 892.015 89.434 -883.275 805.209 -852.735 74.5021 156.932 -438.669 -710.658 -32.9457 281.315 57.5958 13.0204 834.214 641.099 954.246 8.38017 845.462 -317.835 147.264 -931.72 584.391 -144.9 662.487 417.101 208.762 657.126 315.57 -206.428 560.247 70.0941 72.3643 
228.012 197.337 645.264 956.626 20.6304 735.042 -152.955 -722.478 -692.588 -327.18 -920.861 -903.442 -142.431 161.716 -39.7238 362.437 -522.152 198.742 251.566 73.1889 84.9118 -887.244 92.4234 -638.798 -274.842 732.803 221.837 413.326 765.802 832.799 847.418 559.96 -758.525 -533.711 -76.412 -257.255 308.333 145.356 997.854 928.405 -297.872 -329.101 797.667 392.578 51.4792 -789.329 -260.481 92.8344 267.081 827.887 
290.633 677.144 764.877 -713.611 343.522 -430.523 198.32 -832.848 330.437 -341.528 -69.3607 254.652 -56.3436 -967.35 -251.177 473.866 273.306 -547.738 171.636 678.048 -45.3456 -123.644 -89.3173 843.42 -640.017 -771.899 685.639 -471.253 -357.278 -777.032 416.744 220.713 -483.036 -383.705 -926.164 -46.304 -230.876 -328.037 686.759 365.675 -105.735 915.114 321.365 -822.853 310.415 -860.99 -666.911 -774.731 -895.509 -818.822 
59.5367 632.827 -83.2233 -734.732 -649.506 -243.189 720.69 631.692 839.829 -987.163 754.327 -30.0554 858.618 797.915 552.825 -669.553 820.579 -527.155 107.691 -36.1611 240.439 -949.55 909.002 -401.814 718.716 -534.411 156.579 -374.031 -338.43 2.80797 -805.733 40.0872 -254.707 -861.83 -782.879 145.987 -390.043 539.935 693.916 648.079 271.098 349.606 -177.522 392.59 266.642 -552.458 841.037 -697.739 -896.028 453.837 
-358.778 25.9405 -18.3338 -136.516 -417.364 -635.622 -902.385 -376.385 97.7079 176.187 -830.494 -106.812 806.727 659.444 -726.767 -770.725 419.171 -987.625 991.789 -995.998 253.431 -583.533 565.001 -24.7575 -99.7456 -423.392 43.3404 423.157 5.89263 -961.688 916.253 -542.208 -883.233 -492.969 666.878 226.165 -851.138 930.579 235.417 645.969 795.935 -716.507 -336.229 999.511 784.848 940.693 227.82 964.123 17.3022 797.132 
-604.57 999.457 -134.093 299.76 73.3087 100.233 619.354 -514.69 -395.227 -580.139 -400.881 398.691 793.378 307.49 -7.725 166.38 353.433 141.96 -76.9615 508.458 -338.671 -40.67 459.098 61.5858 -928.065 10.4951 391.423 639.109 -488.284 -589.547 -521.386 -933.252 841.302 -234.533 210.719 -454.232 -278.844 -539.443 -411.473 373.13 -804.358 -839.895 -107.073 421.362 -172.462 -568.163 883.554 -112.502 -826.418 387.897 
-620.531 739.756 -923.301 78.9171 360.649 -574.063 -283.229 -221.547 454.425 -470.786 -501.764 857.834 -386.841 365.727 779.568 206.633 884.201 762.77 -125.224 -635.751 925.986 -955.688 -244.673 -227.819 -952.462 -25.9978 -945.202 -6.73389 823.727 383.281 -203.282 -564.881 51.4115 73.0608 -67.2145 325.621 718.505 -86.6746 -740.854 459.91 -294.908 -521.978 -877.061 -758.499 -87.8581 -631.697 -933.261 689.048 829.337 664.781 
966.101 -732.681 -171.453 382.563 -261.072 163.363 -355.492 -756.489 -304.74 227.695 865.999 840.906 -900.063 633.464 627.382 411.399 390.867 -695.448 -397.429 409.039 714.368 386.083 906.013 -630.559 189.721 646.748 -103.99 231.723 565.063 -980.97 831.984 -852.782 -705.865 524.077 154.655 -715.312 -254.188 -139.154 -761.087 412.102 189.588 412.445 -37.9007 -998.079 -709.199 497.024 -512.366 662.003 279.304 268.953 
287.95 -422.402 682.248 549.976 -545.489 -29.3176 -740.406 1.68109 253.107 -31.7188 901.466 931.092 866.618 -745.907 -452.957 -839.617 552.81 -927.275 -718.784 -610.415 758.847 -61.2891 -85.5672 -128.762 -106.124 367.542 -718.347 742.177 -224.553 -62.8784 -798.03 -488.834 166.9 -909.13 244.021 -739.21 102.239 332.848 184.538 -460.914 -579.855 372.375 506.452 -54.247 271.05 -466.231 60.3666 582.594 -340.41 725.18 
97.5354 -722.622 888.156 -762.1 -615.636 -997.621 980.209 373.875 -283.31 416.618 90.0619 -330.48 -376.619 161.921 -599.017 320.238 245.645 556.239 712.15 -899.726 309.538 408.233 -828.679 399.045 743.485 -247.545 -483.052 -649.723 104.416 928.795 251.14 913.564 264.016 -680.83 -717.461 -369.72 109.832 -58.4669 -652.072 626.895 227.052 64.2943 594.92 813.613 398.187 334.857 -50.8766 916.996 -53.9989 440.72 
-815.766 -580.917 530.679 -873.8 48.7982 151.805 -609.687 992.886 -558.544 553.192 -498.242 49.5881 -573.655 578.916 -151.979 -310.285 -952.416 746.465 -165.512 238.567 -408.252 509.613 -931.592 738.74 -1.0336 628.317 121.615 -19.3304 -885.572 192.987 -473.545 -876.711 -885.826 -77.7692 933.918 366.231 -759.015 -766.018 -466.551 683.698 911.366 -663.126 836.449 202.037 -369.875 -480.916 -749.4 829.332 591.025 -646.014 
442.762 -490.297 -415.882 267.556 814.9 23.416 -445.817 -850.592 104.117 -113.892 -176.516 -707.633 811.015 732.76 -500.396 -156.84 -4.54086 -318.675 21.2154 568.327 -129.799 472.487 -907.335 412.921 -30.3823 -636.291 -146.216 544.901 155.523 -122.342 -209.794 -11.4424 -311.604 875.308 -701.176 -666.608 324.525 287.28 317.644 635.691 60.828 336.71 -909.127 299.04 -28.5591 7.65419 643.276 -461.782 822.166 143.797 
791.335 -39.8145 836.812 290.655 -969.135 -253.25 -375.469 -505.116 517.539 277.705 -604.373 300.181 -861.17 310.764 -985.453 -513.992 -657.567 269.931 725.924 603.244 719.825 98.8596 -468.2 956.421 572.457 -709.81 231.771 -632.202 586.884 -241.33 -26.0508 164.142 729.9 -573.149 -919.033 -180.434 -558.203 279.997 -89.4483 643.208 404.678 -584.918 -708.649 -259.173 84.5876 -335.9 536.62 980.733 -827.486 444.255 
587.989 327.874 580.836 109.426 -869.193 -518.372 -281.428 40.0486 -903.184 180.12 -728.666 -686.644 -417.801 19.6747 671.106 -724.631 -870.496 -434.366 -392.658 590.834 139.994 871.608 -883.12 -596.358 -991.694 597.524 587.232 -388.176 -71.2054 -749.916 155.962 -742.702 -598.598 -641.038 70.7895 -241.192 294.796 642.913 -556.646 454.272 943.084 414.598 146.378 180.867 -174.669 343.957 877.74 184.888 -582.982 -176.373 
-295.233 18.8324 517.274 -183.732 16.4202 -24.9471 713.826 -718.457 892.462 -391.554 -847.147 -4.80926 -828.793 476.967 378.095 641.377 -368.951 -955.559 -82.1538 -758.502 -134.676 509.254 -964.298 -956.041 -184.277 850.928 -454.793 298.583 277.447 -950.34 -370.499 -985.375 809.807 433.146 -112.241 -438.862 50.3832 790.356 -492.486 783.199 -773.717 137.034 -867.41 -566.56 -167.768 321.091 580.392 642.851 397.861 847.305 
650.513 -821.925 -97.7986 299.002 -676.77 -478.111 388.07 299.691 908.495 -931.852 368.041 -331.124 791.294 -713.759 -145.201 -394.85 -249.295 94.4018 611.078 388.893 119.04 705.606 -879.028 169.284 -843.802 222.88 -59.0351 -202.309 -200.616 254.169 -180.287 -85.2739 801.068 -453.373 159.993 999.752 825.023 166.915 -659.125 87.1254 317.202 -777.947 -950.52 616.787 332.307 -925.34 -183.237 336.32 536.116 507.639 
-109.214 431.865 361.064 402.566 -78.8952 8.39567 -893.075 96.5912 -590.132 -348.113 -727.742 843.597 329.025 -70.4383 143.088 877.393 352.975 455.73 -549.47 -944.837 118.668 452.071 -44.0396 -173.731 106.687 -913.899 106.476 -450.181 -190.794 -670.172 416.298 715.741 -540.371 -17.7385 -131.77 -664.345 360.742 989.958 228.354 -53.9598 -903.211 -266.062 302.032 253.938 -61.8219 959.47 -192.107 -738.201 -948.005 877.537 
765.344 -862.604 212.622 -462.774 160.859 -444.172 800.284 371.138 -286.364 -914.425 -747.166 374.68 -756.369 -301.112 -783.163 -615.466 -138.821 840.386 374.756 519.579 567.565 -936.275 32.8417 -30.5709 194.452 152.626 -807.9 -380.799 -84.0636 -856.461 -540.6 136.759 512.95 -850.616 -298.879 742.321 194.233 479.774 -439.574 86.3377 -921.774 -258.841 -335.07 474.727 732.241 780.496 -197.401 285.372 246.153 -909.434 
-854.467 968.704 -984.905 704.407 967.726 577.153 204.912 -47.4289 862.87 258.692 -157.331 -261.814 -314.358 581.191 77.44 -465.768 -168.722 293.97 762.472 862.268 146.303 918.912 146.22 -480.615 295.869 664.459 -438.022 161.53 842.36 -450.83 895.96 407.285 -757.078 -201.216 168.437 913.662 -85.5122 797.16 -133.485 522 -738.539 -631.499 398.863 -308.423 328.893 -289.652 -185.967 454.653 -643.832 -891.042 
259.491 -728.033 -44.9884 -119.582 177.159 -488.815 477.889 -123.581 977.104 182.432 141.185 895.076 -450.592 907.476 -57.873 -670.712 -654.996 -525.286 -489.957 -708.847 411.897 749.477 451.515 620.307 -498.166 -679.472 110.837 838.398 960.244 826.933 267.77 415.781 33.5896 540.503 240.506 178.981 131.901 863.226 233.139 370.155 -804.589 -728.551 -761.717 -172.656 171.09 -494.347 -491.52 -982.782 377.17 -900.086 
259.035 -403.478 741.575 -348.744 654.38 157.179 -299.49 468.584 -512.565 -671.514 -136.951 271.649 -397.341 -102.902 520.179 648.414 -109.803 535.359 -224.345 -572.193 -839.913 -425.45 -535.86 -196.969 -455.53 -87.6642 627.798 -601.406 171.214 -398.32 -567.251 212.187 220.901 690.369 -967.52 897.458 -425.412 97.4812 366.999 149.564 -284.388 283.718 451.789 -790.263 50.0277 815.095 -699.902 743.02 -59.1377 72.1492 
610.93 -96.0578 -444.073 459.756 -882.415 -756.267 -575.053 -913.214 -395.288 395.874 -542.006 509.545 -72.5824 107.682 -189.746 942.884 -948.393 358.813 573.919 -136.356 262.04 115.375 -886.699 -751.82 158.039 167.381 -823.865 -697.804 7.04348 380.527 -489.526 540.75 391.205 981.847 -96.6833 -956.609 271.966 936.706 -786.469 -183.69 728.526 335.32 -269.118 939.746 317.86 266.892 -351.607 538.049 992.581 314.183 
465.122 -701.761 -494.039 691.634 285.096 -397.31 405.483 951.821 -741.067 885.466 29.5666 926.48 -648.012 854.365 -689.52 -754.725 -669.019 -206.833 -240.711 362.954 159.483 436.373 123.371 -508.471 126.028 158.966 -255.702 414.33 -357.775 868.412 -593.645 606.533 4.93741 983.565 769.94 390.422 -169.756 910.29 -763.343 499.979 -849.921 -620.277 -991.758 -476.723 -289.568 -774.7 -388.313 -380.924 -181.953 -86.724 
430.364 -865.703 123.893 263.652 -796.434 339.506 75.4632 310.245 294.547 450.139 -506.661 548.644 -940.19 219.103 455.242 -749.11 -296.248 956.236 -539.244 917.927 -399.492 -255.453 595.427 -662.14 -589.101 983.633 -86.6895 -991.032 -277.026 25.3625 267.905 685.428 -7.84886 83.9399 778.764 677.83 295.936 -198.072 -998.969 327.848 135.234 873.921 -13.817 -222.283 83.1428 -620.184 564.547 338.6 851.172 -361.367 
507.915 529.115 828.16 877.684 -762.149 555.426 -953.99 286.904 -13.4978 -858.027 -864.562 -687.509 -965.832 -734.74 -770.846 394.943 -184.226 -279.954 816.581 269.612 -625.403 851.374 -952.858 -680.744 736.616 299.014 -466.147 -533.156 -761.499 -507.959 740.388 -302.229 432.753 -723.864 16.1684 -258.543 662.708 138.555 690.099 499.04 -629.4 -319.504 91.2643 -120.807 -397.035 -972.42 538.743 650.115 480.378 -295.362 
-157.258 961.432 778.853 181.839 175.759 -12.0953 714.183 -726.604 -40.0112 -468.092 776.553 -473.381 -113.659 -258.949 -152.4 611.093 642.796 -532.037 53.4687 648.551 204 630.121 444.319 -329.89 -468.31 -893.685 -171.433 725.656 92.4846 389.477 -51.0089 693.665 428.07 569.58 937.457 -163.255 167.109 597.537 802.301 270.242 -36.9515 955.709 599.646 255.738 187.455 561.381 -863.978 -880.411 931.886 204.818 
371.065 495.869 68.8151 575.911 -668.547 -272.976 87.4141 -831.356 -607.681 699.024 495.164 218.503 370.918 21.6405 -287.528 -490.648 -321.253 692.588 330.248 483.673 -899.272 -66.7173 683.041 -128.275 79.0526 637.121 85.4495 148.049 259.626 -473.694 625.66 -540.156 -404.241 -82.6824 357.755 795.852 -114.391 -563.645 821.703 367.485 318.884 -510.369 231.132 632.493 307.493 27.9007 926.392 -131.141 -82.6394 -920.497 
-789.325 -191.578 151.521 616.337 783.648 773.392 393.821 945.678 11.3565 869.079 605.733 550.61 108.892 149.344 31.3326 606.874 -264.845 742.834 807.481 -659.787 952.926 -180.175 -200.778 -478.001 240.948 -392.042 957.314 -430.419 -54.0359 -181.68 510.094 -849.77 -79.7121 278.878 -899.454 881.656 -5.16051 -733.084 -945.786 166.978 395.353 699.473 44.6831 988.928 910.446 -136.203 841.628 -766.577 138.707 -751.038 
-694.975 -446.887 -824.271 470.605 -539 -971.586 562.219 -784.183 231.214 18.6211 965.151 -713.485 451.257 274.277 -221.149 -848.519 940.679 -5.14013 -389.679 669.282 617.305 -954.158 -539.684 -464.139 -787.402 136.493 31.4926 -703.484 537.579 -909.719 346.419 260.091 -657.264 -639.188 -836.72 -757.985 540.338 -534.083 -334.596 444.287 -864.244 657.666 -602.664 -967.84 -490.246 435.079 371.261 -218.418 -947.74 -664.093 
581.738 -734.763 846.773 -278.31 450.943 991.901 874.895 361.687 868.738 879.037 -16.6541 93.7462 -407.886 653.908 228.973 342.667 -790.064 -600.005 -276.219 -420.211 -489.112 -501.905 486.428 -599.724 441.892 872.295 668.163 -187.175 149.968 507.836 -805.313 -890.87 -852.171 -444.243 -389.622 -371.096 991.66 836.817 387.592 257.909 674.271 465.065 349.887 546.021 972.322 -185.99 65.4635 245.039 367.496 505.731 
-177.215 -447.406 445.742 -407.481 -540.485 69.5595 -914.89 -560.246 -62.2991 939.273 354.889 618.194 -9.09579 -873.277 835.807 -585.784 732.176 -323.397 660.657 -334.113 562.345 -662.736 -609.78 -580.323 504.51 -695.043 404.14 376.127 -435.536 -47.5673 535.824 -398.007 689.799 -540.14 -128.127 570.483 113.523 -27.4937 -86.2548 316.449 555.763 714.696 -103.918 -545 184.426 -357.901 764.903 -268.04 -947.124 -308.32 
67.6309 671.513 114.833 2.56181 -943.3 -42.3704 -120.392 572.926 -838.282 992.951 532.702 -869.931 -936.958 554.782 227.792 496.184 -627.051 -845.082 704.043 846.332 296.157 -497.843 751.887 968.128 -668.894 -103.903 -300.113 1.81663 532.631 -72.4687 18.8187 285.816 -282.279 -255.378 -143.949 655.547 -217.434 -405.018 863.309 -359.053 -612.514 -519.233 -742.821 -591.051 205.781 556.654 -309.077 -654.039 -424.66 730.869 
-283.078 305.493 427.763 -579.513 122.033 -994.413 906.914 507.768 50.2687 864.521 3.98529 981.567 -811.68 102.924 -154.39 -835.272 -408.648 -145.493 699.488 286.643 -388.814 -795.413 -508.724 -126.461 575.627 570.062 -969.451 432.708 518.684 -474.044 747.164 -414.359 -140.216 -617.872 -573.006 -514.428 15.746 643.409 -218.87 -552.357 539.453 580.742 526.152 -963.734 524.948 796.884 -772.08 -346.579 -945.741 939.112 
-349.544 -790.65 -450.602 739.036 985.851 -808.456 276.864 -741.77 -929.565 796.923 -114.54 932.23 -8.991 888.595 622.674 -715.651 49.8743 237.089 752.683 349.889 587.407 544.146 -545.046 -592.639 -481.81 223.673 -722.338 -340.592 -328.012 -898.224 -448.496 133.291 214.31 -97.5698 144.88 992.323 -22.7844 -937.102 120.155 -547.344 792.556 489.91 -77.2963 880.36 207.12 -939.967 -23.7707 485.818 -858.137 -713.917 
-803.772 -992.256 -843.613 -603.512 777.133 -732.948 -654.82 434.474 207.687 600.69 -198.513 -402.213 -1.31738 -140.822 -797.27 276.694 400.838 887.059 805 -360.405 679.385 429.999 993.305 472.275 -474.829 -457.048 395.602 874.074 563.954 378.997 -191.886 973.767 109.533 925.801 -63.586 -689.572 365.105 328.251 907.422 -951.848 293.9 -428.53 -295.256 -360.418 459.136 693.565 748.328 -859.738 389.575 -406.47 
466.012 263.212 -195.499 251.52 -707.351 -441.775 -917.237 -2.5335 -580.919 487.587 879.139 -314.106 824.179 -26.096 -596.394 413.799 724.061 -704.252 -369.497 -136.094 672.372 552.825 -664.325 687.822 217.2 485.979 -147.646 505.175 476.253 390.633 -631.815 -906.429 -355.023 -873.284 710.82 755.74 -284.82 -966.004 367.876 887.681 -740.176 -132.265 -973.382 374.128 -23.6672 225.495 -112.438 259.522 -217.847 640.345 
280.161 661.959 -458.143 -10.6729 620.861 810.267 156.536 901.685 628.504 -736.129 -123.542 -371.132 386.353 -558.793 360.763 -660.594 -609.405 -276.324 -174.821 -208.911 829.702 796.052 -752.214 -456.01 -154.303 629.559 993.008 -519.759 410.079 199.401 -673.746 357.225 -115.127 -935.366 -693.811 -880.103 115.243 892.678 -757.677 -273.659 613.55 -68.7393 698.504 -244.183 21.2213 665.468 517.228 -954.254 -141.898 -880.128 
-308.962 -718.515 -77.3504 -28.1095 -436.252 -94.5567 786.216 -69.5664 797.432 441.122 -62.3764 -360.453 -125.588 -757.663 -36.5043 471.606 283.734 714.801 -331.355 922.485 211.428 -524.122 -914.564 922.235 -0.175774 -954.055 -806.597 -473.257 -33.6444 539.006 -925.92 56.6545 191.483 250.913 -898.88 524.354 809.779 -38.9248 -208.546 959.314 -808.274 -663.871 327.313 -853.962 -535.709 336.427 326.492 -644.87 -324.499 153.344 
-740.171 -56.0516 -58.4007 458.756 311.317 312.853 112.119 379.994 566.766 -371.255 319.581 -794.811 -381.512 -70.1324 -715.927 -580.331 377.019 554.388 -406.559 965.478 786.167 -892.713 179.026 895.755 951.348 -687.415 623.031 -722.218 -311.966 792.826 -976.29 -499.701 -467.703 -688.757 55.1314 594.951 -662.098 114.615 335.391 921.461 994.23 21.8933 -40.4396 331.617 -514.69 -392.222 -69.6287 -248.437 520.341 -624.003 
387.818 57.4076 850.432 -796.748 -935.968 -812.164 -35.6547 752.022 -764.98 988.366 -533.54 793.298 966.599 -376.968 306.529 -173.67 -868.826 -354.355 354.362 -230.612 106.118 -474.763 650.649 -535.091 717.746 -848.274 -942.823 -22.4081 -613.521 548.37 463.305 760.748 -106.536 -558.09 177.547 36.5138 -312.793 881.063 28.3965 -740.168 -9.70382 908.381 -846.526 437.399 -639.568 788.42 978.212 803.619 422.06 -429.089 
304.492 -397.757 906.647 20.1118 19.4718 -738.436 -898.96 -817.9 -447.038 625.898 -540.772 -752.971 815.434 996.27 312.911 -904.748 -106.135 196.129 341.017 -525.589 420.258 -730.912 -442.129 -860.018 -328.129 -859.011 600.214 -201.711 -155.142 529.838 986.174 622.355 -73.4897 858.565 -99.222 376.17 292.364 -244.043 364.421 816.162 -760.518 -22.0561 -696.551 -937.66 755.044 19.9862 -92.0357 -844.451 -681.256 128.408 
148.911 751.181 -895.959 -380.394 720.918 461.103 -246.583 -325.434 429.276 848.141 712.652 -459.55 343.33 344.637 315.791 -494.647 460.878 -16.1697 235.831 -385.369 -905.2 307.218 -589.563 -790.159 -203.972 -156.673 802.637 -81.7487 49.391 114.945 -111.549 -808.642 -850.302 967.297 -636.944 881.011 -854.058 -151.933 467.797 271.406 -483.613 -86.6965 891.776 76.1344 -408.732 440.83 -971.185 -702.705 -362.143 -541.507 
