26 26 4
893.449 204.512 -758.18 -739.724 -547.245 452.451 339.398 255.488 -13.1606 810.502 113.861 -331.118 903.619 -883.423 302.383 151.843 26.0961 596.644 -204.59 -544.691 -618.943 -581.951 -857.212 833.056 -829.154 401.81 
-777.649 54.8662 135.345 738.538 601.133 -765.481 559.773 108.595 -847.229 624.324 -987.764 648.731 -779.013 -867.928 739.972 709.465 -25.9604 -316.948 -942.328 285.361 63.9706 -846.066 164.843 510.934 -740.657 -227.532 
-136.85 -35.7266 -456.823 171.339 -298.49 -715.617 631.342 968.597 -794.299 220.091 -937.923 335.853 681.76 340.366 523.958 167.07 -51.9891 218.187 -926.657 -328.7 -462.858 738.855 -71.0509 -153.127 394.068 -896.798 
-484.826 -471.665 728.813 -837.531 -392.147 -809.63 546.227 443.583 -704.664 716.438 -827.349 751.374 349.48 -290.407 -864.075 -502.191 -328.573 -330.048 890.728 468.932 -653.776 -9.46122 984.823 -74.1938 -974.483 -131.854 
-68.3013 60.0026 462.42 -101.511 -103.145 446.272 494.325 118.203 630.288 -751.039 -711.207 743.741 50.2903 -769.768 501.75 907.062 991.685 -749.606 -629.531 -534.445 -418.158 16.959 -970.871 571.72 899.42 553.28 
976.857 28.8217 406.262 38.4811 751.394 679.236 -77.241 -189.429 262.467 -713.792 -703.691 -931.412 -245.087 820.988 341.016 -538.644 -984.773 919.41 529.451 484.23 447.948 670.569 253.866 731.884 777.108 848.373 
599.665 572.158 260.23 -315.442 360.856 898.998 -548.211 218.651 871.568 449.557 -297.402 -435.096 -664.625 -344.033 -162.157 622.548 -828.865 -731.378 -267.168 -286.737 802.581 979.588 -66.7677 -164.977 -773.772 -780.029 
60.7262 624.207 -955.626 787.28 -181.225 142.902 -254.203 -388.346 -924.261 -61.3572 769.388 -896.394 301.607 -898.659 238.216 -300.538 865.827 -44.1446 62.0178 332.332 -488.049 -640.862 -971.907 -846.413 344.262 16.3624 
-997.248 -751.746 -590.055 951.973 -196.527 977.298 -545.66 -908.028 767.284 -259.139 644.283 457.482 895.632 886.267 -511.27 -908.494 936.673 659.236 -215.997 -262.813 898.377 -975.94 -625.666 429.961 352.184 -840.254 
-151.613 -158.555 -830.953 175.449 763.083 -860.879 -794.859 801.118 386.349 -624.566 917.191 -767.722 894.886 347.813 -307.822 428.134 -349.379 -10.9425 88.6889 592.531 670.506 -803.21 448.991 188.66 809.654 -140.023 
630.698 132.096 142.709 512.505 -331.686 -639.809 726.941 -293.87 932.876 853.399 -921.409 -127.334 -107.252 -580.442 508.896 -989.491 -374.546 -986.412 -622.334 425.348 817.314 603.297 -383.539 -142.904 211.142 667.435 
-416.221 568.331 -54.7282 182.951 858.915 -215.013 272.959 -379.776 -894.257 215.266 -33.3521 -548.085 342.133 230.399 307.996 490.992 102.827 217.647 -10.5832 128.282 40.5656 -213.567 586.295 -139.433 554.831 -954.102 
404.255 308.489 770.508 -71.0961 -912.003 -36.0214 588.741 963.782 285.927 -429.73 -471.698 169.447 -106.326 984.265 548.141 606.235 992.617 922.526 897.394 499.933 380.716 688.998 -17.3511 380.708 559.925 661.447 
937.734 501.949 264.167 -137.167 642.139 427.257 906.508 -313.101 -289.005 691.7 -593.589 -452.252 -997.585 -409.178 952.106 43.9281 299.91 589.925 865.237 44.3379 -812.869 106.566 -940.02 -922.269 -578.412 628.453 
416.338 -613.696 -382.683 246.267 -988.467 832.557 783.827 -227.324 -642.705 62.0922 -415.887 191.938 -103.209 -635.207 76.6081 -447.64 520.458 -658.974 632.589 -69.5063 -191.745 -664.313 898.617 -944.014 -40.2728 -864.993 
57.9475 -77.0221 -509.674 -89.5303 -737.034 663.436 371.671 671.385 -23.6282 880.405 969.674 -687.117 -374.808 602.772 784.873 -644.556 941.364 -487.432 -277.607 264.111 918.551 81.8481 -377.287 933.491 -811.364 -590.672 
570.576 -337.138 -280.802 565.748 531.165 -710.85 751.058 -963.513 229.81 418.111 -813.449 370.172 -525.36 276.654 -275.031 -453.249 240.586 -468.497 -33.7031 -447.414 314.338 -926.944 846.155 -666.156 -76.8064 -884.985 
58.5947 800.676 968.235 -875.529 991.023 125.836 927.646 948.48 -888.677 10.3565 62.4986 413.34 -986.431 -943.904 -199.292 505.836 -413.323 -723.79 -737.952 -758.049 -526.051 653.056 -93.3771 611.912 403.056 154.774 
-713.891 -358.702 -701.32 919.85 -87.8096 184.39 -961.94 678.415 113.193 435.694 716.297 797.63 -231.967 -664.015 -94.0406 -541.009 -732.711 -675.988 667.513 886.227 823.958 271.781 -179.394 917.031 534.857 -656.1 
928.676 255.009 -62.3779 -384.62 -314.278 -66.8976 -348.112 -713.623 137.766 -558.973 -665.6 -744.816 -120.234 -778.537 -872.321 901.246 -758.853 -43.5843 -520.794 -982.555 194.357 551.477 665.25 859.965 -562.653 -508.96 
-86.7757 -439.004 -346.286 -26.5074 489.698 353.3 -84.8298 265.405 659.766 691.194 893.872 -684.433 739.202 -232.767 -120.079 -170.102 -905.986 -912.13 -173.685 883.438 -51.501 423.494 -341.888 -108.015 591.153 -499.632 
681.161 269.315 382.798 -317.584 371.75 9.41288 202.784 188.709 -369.172 -669.14 -236.477 -461.462 212.327 586.171 -222.374 561.743 -776.972 -576.456 -495.145 96.8219 -713.434 -683.209 -698.656 -317.357 186.871 734.999 
-870.806 368.518 -323.95 -634.581 602.589 -277.93 831.281 -667.845 -464.66 460.635 -99.7031 290.263 448.09 -949.933 476.822 -48.377 928.617 -731.833 74.8396 -170.907 -426.712 246.603 650.166 -663.371 727.887 -401.378 
37.7647 711.229 -369.421 -860.959 -138.882 -183.24 284.369 -611.721 799.51 -628.79 -77.0566 909.985 120.403 -382.886 838.854 615.482 409.801 -476.01 -296.08 -217.411 -34.7368 179.142 839.95 -957.472 -235.696 654.203 
-816.169 653.265 -571.793 -118.784 -403.748 202.735 -636.676 -607.385 -317.629 -396.689 840.146 338.619 -833.144 -653.144 604.191 640.836 527.448 815.424 829.49 -757.354 -854.164 59.5541 926.3 320.756 953.639 -186.859 
-537.321 -747.741 710.71 908.983 -730.537 -131.461 530.846 -66.2619 336.463 937.826 34.8377 -481.571 232.449 774.278 -716.089 690.661 -60.48 -487.83 -955.66 226.396 -968.351 931.881 125.443 314.818 -853.309 439.177 
