26 26 5
-749.411 647.385 600.526 -958.544 -255.504 -263.032 -779.046 574.318 567.962 -259.427 -186.262 -506.889 712.299 -396.258 91.0583 416.275 340.921 -148.121 532.171 196.112 47.1213 -32.6097 -70.8015 39.3338 -917.428 784.617 
-947.557 413.141 -338.418 210.661 574.844 -593.766 575.497 370.461 335.191 -443.095 899.107 -706.118 267.846 -303.747 931.108 -872.732 -11.4103 226.694 44.3764 -167.116 -710.534 55.1139 300.116 46.3468 950.917 67.6215 
514.093 363.763 -242.889 -232.053 -122.584 -265.466 317.515 476.803 -374.956 119.794 -630.718 -477.865 517.811 844.361 -831.143 983.26 -343.794 -137.275 823.932 -168.609 189.267 -994.449 291.934 531.451 95.2612 -945.545 
220.004 -393.377 516.468 271.202 92.6321 866.351 765.107 -845.177 -895.479 -320.658 702.828 422.795 -85.0261 965.463 540.622 240.722 -182.352 -793.484 -87.9582 -312.926 645.242 576.155 -557.402 -262.091 -970.469 -668.958 
825.528 645.847 749.794 -218.915 697.126 591.721 -947.235 -186.899 789.267 -785.184 -593.633 817.031 -154.713 -255.69 623.889 -301.96 956.519 222.287 -17.9178 856.111 650.208 51.5994 -769.015 -832.774 -438.084 -870.564 
428.087 852.911 868.463 260.619 219.185 -162.934 -437.236 -620.561 223.529 844.193 351.865 -202.053 98.9569 -831.159 715.567 537.701 -861.715 -845.18 -939.197 909.258 -108.502 403.158 -122.814 -140.552 -250.604 102.414 
-732.075 11.9991 -330.563 227.219 872.818 -543.654 805.904 832.629 -10.9283 328.974 -934.297 -734.892 673.14 -531.286 673.599 -826.539 364.514 388.949 -926.612 423.492 -366.04 -33.6292 793.128 106.061 561.466 561.266 
-796.888 705.9 63.042 -452.864 715.373 -730.215 -728.23 641.327 780.918 883.742 -954.672 829.568 556.928 286.599 861.31 42.9537 -77.0649 769.799 15.542 -785.417 -502.309 -311.274 412.855 860.825 -120.889 225.367 
-253.889 889.93 -946.106 791.248 508.66 -950.604 -806.032 -974.502 -461.704 140.08 318.093 193.96 -109.499 -357.012 -296.123 -938.032 491.882 -936.504 170.403 -33.6242 878.263 974.12 36.1609 -242.599 645.121 543.929 
-185.623 237.526 101.675 859.107 -992.631 852.622 21.9527 959.16 600.994 908.272 -680.072 27.4681 -343.241 -847.187 -664.635 -516.636 903.463 502.773 101.126 -380.032 806.937 191.296 -879.885 -223.346 216.105 80.2057 
17.5588 -889.772 -392.599 -418.692 -963.69 -741.236 42.9758 294.14 -392.909 375.974 990.34 647.761 922.933 -260.998 -585.654 907.64 709.422 -750.354 808.457 -259.74 546.451 194.01 729.566 -190.745 150.47 942.611 
467.405 -322.138 -176.292 -947.329 245.933 -600.506 -706.111 386.651 439.877 -980.101 -563.73 -604.746 27.1424 181.65 999.287 -991.093 693.274 -138.348 786.875 -995.129 872.259 61.7131 -787.303 -195.239 626.413 126.995 
399.7 -245.393 -313.424 290.483 145.783 182.68 300.978 544.852 -665.792 39.0942 -943.516 326.413 28.9677 860.376 342.709 -87.7253 -398.897 -254.606 842.628 42.7736 895.476 270.287 719.968 501.351 212.777 144.597 
238.054 980.128 -990.966 841.816 404.48 93.5557 390.988 -669.123 51.2991 183.008 -179.976 -848.478 -371.054 -308.975 -946.434 -720.817 -766.302 754.606 657.955 256.792 -102.88 899.147 -28.8088 -188.892 -707.953 -569.175 
-130.472 -845.507 -438.13 354.704 -497.562 -517.933 -908.096 -368.213 -550.67 890.507 744.442 -171.775 973.759 -26.4577 -674.806 538.336 -194.264 -998.412 -306.571 -539.829 -905.168 839.552 347.711 -27.3541 260.701 -394.718 
-31.4274 -201.043 -930.297 497.878 -170.153 235.664 812.493 -431.791 888.87 -765.497 293.692 86.8735 83.0271 -562.861 -8.30162 474.314 -201.875 -910.572 20.7664 -979.611 -329.591 565.235 -102.166 902.747 475.302 406.761 
428.083 787.999 -105.952 -729.924 174.991 -934.401 -484.727 -808.608 -280.433 759.803 8.98623 -968.284 59.567 -857.739 -25.5175 -873.1 -195.119 641.829 -787.954 859.85 -498.02 -225.514 -215.691 887.173 709.109 -5.77611 
920.643 -744.805 65.5637 -71.4465 -801.972 -744.622 -864.637 47.4992 318.395 -734.177 691.031 160.826 -995.43 -195.362 554.664 232.944 -907.56 643.585 740.092 728.433 777.247 -811.981 -967.796 249.596 965.268 -746.421 
895.853 604.747 -14.2915 -196.602 -295.348 94.61 110.53 -330.668 460.385 -309.006 532.439 704.022 497.714 -923.079 -181.315 640.411 -615.695 13.11 340.712 349.939 -577.285 -427.726 -789.008 -864.059 -234.561 -262.37 
349.55 890.639 977.383 874.56 728.235 -557.319 -854.3 -216.213 105.188 -106.042 -249.022 690.312 72.5605 -475.333 -929.39 -258.499 -600.204 367.442 -400.656 168.465 -610.98 -743.336 753.219 -641.772 -261.534 404.52 
764.401 -715.964 796.674 -293.993 859.53 125.64 -372.155 -802.983 261.747 -810.166 -456.743 -472.554 -219.787 40.9814 774.301 -321.108 -860.247 -171.08 667.028 741.278 658.611 -720.659 -123.588 856.452 395.89 -270.462 
344.643 409.676 -567.341 702.323 -49.1871 -688.389 249.03 -557.984 -31.6386 250.121 -214.179 286.95 762.127 -937.071 645.289 -624.835 398.465 996.462 -461.2 603.844 806.778 -475.194 -593.532 509.75 -635.742 -914.184 
-690.978 727.216 325.175 -779.939 -441.495 -200.049 -231.486 -585.073 681.602 -323.856 956.27 25.7097 104.702 -273.704 -137.03 931.227 -874.316 -626.435 -487.916 -396.338 750.354 -796.06 615.597 332.38 307.799 -826.262 
-977.904 368.202 379.1 -461.898 875.685 -356.417 -297.138 3.17502 -637.271 -610.659 658.456 660.747 -825.972 -105.88 482.851 -729.359 -333.674 -60.2843 802.501 -364.92 793.532 885.512 802.765 70.722 624.188 735.498 
-483.067 -900.871 -943.205 -445.995 168.407 412.915 -136.273 -342.565 513.775 -991.384 -185.199 -640.133 -723.452 948.938 808.025 480.426 515.715 -370.122 -636.608 526.625 981.721 -207.925 -590.339 180.251 -522.882 -76.4332 
-613.794 -27.1441 -210.702 732.444 184.137 797.436 506.363 436.626 365.513 -818.088 390.028 -792.727 635.527 -699.986 -670.359 -731.374 -204.197 66.3059 403.003 -721.451 578.424 -419.364 -252.79 -634.517 -320.392 -836.752 
